-0.939394 -1.000000 1.000000 1.000000 -0.922013 0.213657
-0.919192 -1.000000 1.000000 1.000000 -0.922013 0.160475
-0.893939 -1.000000 1.000000 1.000000 -0.922013 0.200362
-0.858586 -1.000000 1.000000 1.000000 -0.922013 0.287579
-0.818182 -1.000000 1.000000 1.000000 -0.922013 0.280666
-0.767677 -1.000000 1.000000 1.000000 -0.922013 0.180153
-0.702020 -1.000000 1.000000 1.000000 -0.922013 0.160475
-0.515152 -1.000000 1.000000 1.000000 -0.922013 -0.046933
-0.383838 -1.000000 1.000000 1.000000 -0.922013 -0.140532
-0.212121 -1.000000 1.000000 1.000000 -0.922013 -0.267636
-0.010101 -1.000000 1.000000 1.000000 -0.922013 -0.361236
0.595960 -1.000000 1.000000 1.000000 -0.922013 -0.715957
-0.969697 -1.000000 1.000000 0.202020 -0.916221 0.225091
-0.956566 -1.000000 1.000000 0.202020 -0.916221 0.293164
-0.939394 -1.000000 1.000000 0.202020 -0.916221 0.313904
-0.919192 -1.000000 1.000000 0.202020 -0.916221 0.254341
-0.893939 -1.000000 1.000000 0.202020 -0.916221 0.207541
-0.858586 -1.000000 1.000000 0.202020 -0.916221 0.255405
-0.818182 -1.000000 1.000000 0.202020 -0.916221 0.235727
-0.767677 -1.000000 1.000000 0.202020 -0.916221 0.102242
-0.702020 -1.000000 1.000000 0.202020 -0.916221 0.055974
-0.616162 -1.000000 1.000000 0.202020 -0.916221 -0.057303
-0.515152 -1.000000 1.000000 0.202020 -0.916221 -0.137076
-0.383838 -1.000000 1.000000 0.202020 -0.916221 -0.223762
-0.212121 -1.000000 1.000000 0.202020 -0.916221 -0.303534
-0.010101 -1.000000 1.000000 0.202020 -0.916221 -0.484351
0.242424 -1.000000 1.000000 0.202020 -0.916221 -0.590714
-1.000000 -1.000000 1.000000 -0.601010 -0.906913 -0.215625
-0.994949 -1.000000 1.000000 -0.601010 -0.906913 -0.152339
-0.988384 -1.000000 1.000000 -0.601010 -0.906913 0.031670
-0.979798 -1.000000 1.000000 -0.601010 -0.906913 0.139628
-0.969697 -1.000000 1.000000 -0.601010 -0.906913 0.253969
-0.956566 -1.000000 1.000000 -0.601010 -0.906913 0.342782
-0.919192 -1.000000 1.000000 -0.601010 -0.906913 0.303959
-0.893939 -1.000000 1.000000 -0.601010 -0.906913 0.176324
-0.858586 -1.000000 1.000000 -0.601010 -0.906913 0.099210
-0.818182 -1.000000 1.000000 -0.601010 -0.906913 0.080065
-0.702020 -1.000000 1.000000 -0.601010 -0.906913 -0.099157
-0.616162 -1.000000 1.000000 -0.601010 -0.906913 -0.157125
-0.383838 -1.000000 1.000000 -0.601010 -0.906913 -0.316670
-0.212121 -1.000000 1.000000 -0.601010 -0.906913 -0.393783
-0.010101 -1.000000 1.000000 -0.601010 -0.906913 -0.534182
0.242424 -1.000000 1.000000 -0.601010 -0.906913 -0.668200
-1.000000 -1.000000 1.000000 -1.000000 -0.899604 -0.265296
-0.988384 -1.000000 1.000000 -1.000000 -0.899604 0.030925
-0.979798 -1.000000 1.000000 -1.000000 -0.899604 0.152179
-0.969697 -1.000000 1.000000 -1.000000 -0.899604 0.272901
-0.939394 -1.000000 1.000000 -1.000000 -0.899604 0.375010
-0.919192 -1.000000 1.000000 -1.000000 -0.899604 0.275560
-0.893939 -1.000000 1.000000 -1.000000 -0.899604 0.115484
-0.858586 -1.000000 1.000000 -1.000000 -0.899604 0.009652
-0.818182 -1.000000 1.000000 -1.000000 -0.899604 0.010184
-0.767677 -1.000000 1.000000 -1.000000 -0.899604 -0.075970
-0.616162 -1.000000 1.000000 -1.000000 -0.899604 -0.214774
-0.515152 -1.000000 1.000000 -1.000000 -0.899604 -0.347728
-0.383838 -1.000000 1.000000 -1.000000 -0.899604 -0.447177
-0.212121 -1.000000 1.000000 -1.000000 -0.899604 -0.620549
-0.010101 -1.000000 1.000000 -1.000000 -0.899604 -0.740208
-0.939394 -0.864865 1.000000 1.000000 -0.897742 0.262637
-0.919192 -0.864865 1.000000 1.000000 -0.897742 0.202542
-0.893939 -0.864865 1.000000 1.000000 -0.897742 0.196160
-0.818182 -0.864865 1.000000 1.000000 -0.897742 0.237110
-0.767677 -0.864865 1.000000 1.000000 -0.897742 0.123833
-0.702020 -0.864865 1.000000 1.000000 -0.897742 0.064270
-0.616162 -0.864865 1.000000 1.000000 -0.897742 -0.022416
-0.383838 -0.864865 1.000000 1.000000 -0.897742 -0.215997
-0.212121 -0.864865 1.000000 1.000000 -0.897742 -0.362246
-0.010101 -0.864865 1.000000 1.000000 -0.897742 -0.462228
0.242424 -0.864865 1.000000 1.000000 -0.897742 -0.689313
0.595960 -0.864865 1.000000 1.000000 -0.897742 -0.829713
-0.988384 -0.864865 1.000000 -0.601010 -0.878642 -0.017683
-0.979798 -0.864865 1.000000 -0.601010 -0.878642 0.096658
-0.969697 -0.864865 1.000000 -0.601010 -0.878642 0.238121
-0.956566 -0.864865 1.000000 -0.601010 -0.878642 0.325870
-0.939394 -0.864865 1.000000 -0.601010 -0.878642 0.353525
-0.919192 -0.864865 1.000000 -0.601010 -0.878642 0.287048
-0.893939 -0.864865 1.000000 -0.601010 -0.878642 0.161007
-0.858586 -0.864865 1.000000 -0.601010 -0.878642 0.001462
-0.818182 -0.864865 1.000000 -0.601010 -0.878642 -0.004387
-0.767677 -0.864865 1.000000 -0.601010 -0.878642 -0.063951
-0.616162 -0.864865 1.000000 -0.601010 -0.878642 -0.236259
-0.515152 -0.864865 1.000000 -0.601010 -0.878642 -0.316032
-0.383838 -0.864865 1.000000 -0.601010 -0.878642 -0.395272
-0.212121 -0.864865 1.000000 -0.601010 -0.878642 -0.528226
-0.010101 -0.864865 1.000000 -0.601010 -0.878642 -0.701598
0.242424 -0.864865 1.000000 -0.601010 -0.878642 -0.854761
-0.979798 -0.729730 1.000000 1.000000 -0.867057 0.286144
-0.969697 -0.729730 1.000000 1.000000 -0.867057 0.333475
-0.939394 -0.729730 1.000000 1.000000 -0.867057 0.388784
-0.919192 -0.729730 1.000000 1.000000 -0.867057 0.362725
-0.893939 -0.729730 1.000000 1.000000 -0.867057 0.289866
-0.858586 -0.729730 1.000000 1.000000 -0.867057 0.230303
-0.818182 -0.729730 1.000000 1.000000 -0.867057 0.177653
-0.767677 -0.729730 1.000000 1.000000 -0.867057 0.097881
-0.702020 -0.729730 1.000000 1.000000 -0.867057 -0.035605
-0.616162 -0.729730 1.000000 1.000000 -0.867057 -0.102082
-0.515152 -0.729730 1.000000 1.000000 -0.867057 -0.215359
-0.383838 -0.729730 1.000000 1.000000 -0.867057 -0.321722
-0.212121 -0.729730 1.000000 1.000000 -0.867057 -0.401494
-0.979798 -0.729730 1.000000 0.202020 -0.857818 0.211423
-0.969697 -0.729730 1.000000 0.202020 -0.857818 0.318850
-0.956566 -0.729730 1.000000 0.202020 -0.857818 0.392773
-0.939394 -0.729730 1.000000 0.202020 -0.857818 0.412982
-0.919192 -0.729730 1.000000 0.202020 -0.857818 0.380009
-0.893939 -0.729730 1.000000 0.202020 -0.857818 0.273646
-0.858586 -0.729730 1.000000 0.202020 -0.857818 0.119951
-0.818182 -0.729730 1.000000 0.202020 -0.857818 0.047092
-0.767677 -0.729730 1.000000 0.202020 -0.857818 0.013588
-0.702020 -0.729730 1.000000 0.202020 -0.857818 -0.106071
-0.616162 -0.729730 1.000000 0.202020 -0.857818 -0.185843
-0.515152 -0.729730 1.000000 0.202020 -0.857818 -0.259234
-0.383838 -0.729730 1.000000 0.202020 -0.857818 -0.345920
-0.212121 -0.729730 1.000000 0.202020 -0.857818 -0.445901
-0.010101 -0.729730 1.000000 0.202020 -0.857818 -0.532587
-0.988384 -0.729730 1.000000 -0.601010 -0.842924 0.060015
-0.979798 -0.729730 1.000000 -0.601010 -0.842924 0.174888
-0.969697 -0.729730 1.000000 -0.601010 -0.842924 0.289760
-0.956566 -0.729730 1.000000 -0.601010 -0.842924 0.378041
-0.939394 -0.729730 1.000000 -0.601010 -0.842924 0.391869
-0.893939 -0.729730 1.000000 -0.601010 -0.842924 0.192438
-0.858586 -0.729730 1.000000 -0.601010 -0.842924 0.031829
-0.818182 -0.729730 1.000000 -0.601010 -0.842924 -0.087829
-0.767677 -0.729730 1.000000 -0.601010 -0.842924 -0.107507
-0.702020 -0.729730 1.000000 -0.601010 -0.842924 -0.173452
-0.616162 -0.729730 1.000000 -0.601010 -0.842924 -0.286729
-0.515152 -0.729730 1.000000 -0.601010 -0.842924 -0.339910
-0.383838 -0.729730 1.000000 -0.601010 -0.842924 -0.432978
-0.212121 -0.729730 1.000000 -0.601010 -0.842924 -0.613263
-0.988384 -0.729730 1.000000 -1.000000 -0.831270 0.049698
-0.979798 -0.729730 1.000000 -1.000000 -0.831270 0.170952
-0.969697 -0.729730 1.000000 -1.000000 -0.831270 0.285293
-0.956566 -0.729730 1.000000 -1.000000 -0.831270 0.346451
-0.939394 -0.729730 1.000000 -1.000000 -0.831270 0.346983
-0.919192 -0.729730 1.000000 -1.000000 -0.831270 0.247534
-0.893939 -0.729730 1.000000 -1.000000 -0.831270 0.141171
-0.858586 -0.729730 1.000000 -1.000000 -0.831270 -0.005079
-0.818182 -0.729730 1.000000 -1.000000 -0.831270 -0.111442
-0.767677 -0.729730 1.000000 -1.000000 -0.831270 -0.137501
-0.702020 -0.729730 1.000000 -1.000000 -0.831270 -0.216742
-0.616162 -0.729730 1.000000 -1.000000 -0.831270 -0.349696
-0.515152 -0.729730 1.000000 -1.000000 -0.831270 -0.442763
-0.383838 -0.729730 1.000000 -1.000000 -0.831270 -0.662935
-0.994949 -0.639640 1.000000 1.000000 -0.842200 0.223974
-0.988384 -0.639640 1.000000 1.000000 -0.842200 0.318637
-0.979798 -0.639640 1.000000 1.000000 -0.842200 0.393092
-0.969697 -0.639640 1.000000 1.000000 -0.842200 0.453719
-0.956566 -0.639640 1.000000 1.000000 -0.842200 0.501582
-0.939394 -0.639640 1.000000 1.000000 -0.842200 0.509028
-0.919192 -0.639640 1.000000 1.000000 -0.842200 0.469673
-0.893939 -0.639640 1.000000 1.000000 -0.842200 0.383519
-0.858586 -0.639640 1.000000 1.000000 -0.842200 0.237270
-0.818182 -0.639640 1.000000 1.000000 -0.842200 0.117611
-0.702020 -0.639640 1.000000 1.000000 -0.842200 -0.021725
-0.616162 -0.639640 1.000000 1.000000 -0.842200 -0.140851
-0.515152 -0.639640 1.000000 1.000000 -0.842200 -0.233919
-0.383838 -0.639640 1.000000 1.000000 -0.842200 -0.320073
-0.212121 -0.639640 1.000000 1.000000 -0.842200 -0.453027
-0.010101 -0.639640 1.000000 1.000000 -0.842200 -0.599809
0.242424 -0.639640 1.000000 1.000000 -0.842200 -0.785944
-0.994949 -0.639640 1.000000 -0.601010 -0.813998 0.072300
-0.988384 -0.639640 1.000000 -0.601010 -0.813998 0.247800
-0.979798 -0.639640 1.000000 -0.601010 -0.813998 0.342995
-0.969697 -0.639640 1.000000 -0.601010 -0.813998 0.424894
-0.956566 -0.639640 1.000000 -0.601010 -0.813998 0.472758
-0.939394 -0.639640 1.000000 -0.601010 -0.813998 0.454144
-0.893939 -0.639640 1.000000 -0.601010 -0.813998 0.221209
-0.858586 -0.639640 1.000000 -0.601010 -0.813998 0.054750
-0.818182 -0.639640 1.000000 -0.601010 -0.813998 -0.064908
-0.767677 -0.639640 1.000000 -0.601010 -0.813998 -0.103731
-0.702020 -0.639640 1.000000 -0.601010 -0.813998 -0.182971
-0.616162 -0.639640 1.000000 -0.601010 -0.813998 -0.336134
-0.515152 -0.639640 1.000000 -0.601010 -0.813998 -0.449411
-0.893939 -1.000000 0.454545 1.000000 -0.939941 0.316989
-0.858586 -1.000000 0.454545 1.000000 -0.939941 0.369639
-0.818182 -1.000000 0.454545 1.000000 -0.939941 0.322307
-0.767677 -1.000000 0.454545 1.000000 -0.939941 0.328157
-0.702020 -1.000000 0.454545 1.000000 -0.939941 0.300503
-0.616162 -1.000000 0.454545 1.000000 -0.939941 0.193608
-0.515152 -1.000000 0.454545 1.000000 -0.939941 0.112772
-0.383838 -1.000000 0.454545 1.000000 -0.939941 -0.007419
-0.212121 -1.000000 0.454545 1.000000 -0.939941 -0.221209
-0.010101 -1.000000 0.454545 1.000000 -0.939941 -0.215359
0.242424 -1.000000 0.454545 1.000000 -0.939941 -0.242481
0.595960 -1.000000 0.454545 1.000000 -0.939941 -0.382881
1.000000 -1.000000 0.454545 1.000000 -0.939941 -0.410003
-0.988384 -1.000000 0.454545 0.202020 -0.934770 -0.140586
-0.979798 -1.000000 0.454545 0.202020 -0.934770 -0.027841
-0.969697 -1.000000 0.454545 0.202020 -0.934770 0.084904
-0.956566 -1.000000 0.454545 0.202020 -0.934770 0.211477
-0.939394 -1.000000 0.454545 0.202020 -0.934770 0.284335
-0.919192 -1.000000 0.454545 0.202020 -0.934770 0.324753
-0.893939 -1.000000 0.454545 0.202020 -0.934770 0.304544
-0.858586 -1.000000 0.454545 0.202020 -0.934770 0.244981
-0.818182 -1.000000 0.454545 0.202020 -0.934770 0.231686
-0.767677 -1.000000 0.454545 0.202020 -0.934770 0.231686
-0.702020 -1.000000 0.454545 0.202020 -0.934770 0.158295
-0.616162 -1.000000 0.454545 0.202020 -0.934770 0.065227
-0.383838 -1.000000 0.454545 0.202020 -0.934770 -0.200681
-0.988384 -1.000000 0.454545 -0.601010 -0.926426 -0.060015
-0.956566 -1.000000 0.454545 -0.601010 -0.926426 0.346824
-0.939394 -1.000000 0.454545 -0.601010 -0.926426 0.426596
-0.919192 -1.000000 0.454545 -0.601010 -0.926426 0.438828
-0.893939 -1.000000 0.454545 -0.601010 -0.926426 0.383519
-0.858586 -1.000000 0.454545 -0.601010 -0.926426 0.261201
-0.818182 -1.000000 0.454545 -0.601010 -0.926426 0.166006
-0.767677 -1.000000 0.454545 -0.601010 -0.926426 0.151115
-0.702020 -1.000000 0.454545 -0.601010 -0.926426 0.129843
-0.616162 -1.000000 0.454545 -0.601010 -0.926426 0.068152
-0.515152 -1.000000 0.454545 -0.601010 -0.926426 -0.000452
-0.383838 -1.000000 0.454545 -0.601010 -0.926426 -0.250937
-0.988384 -1.000000 0.454545 -1.000000 -0.919910 -0.084479
-0.979798 -1.000000 0.454545 -1.000000 -0.919910 0.077193
-0.969697 -1.000000 0.454545 -1.000000 -0.919910 0.238865
-0.919192 -1.000000 0.454545 -1.000000 -0.919910 0.447337
-0.893939 -1.000000 0.454545 -1.000000 -0.919910 0.352142
-0.858586 -1.000000 0.454545 -1.000000 -0.919910 0.183024
-0.767677 -1.000000 0.454545 -1.000000 -0.919910 0.067089
-0.702020 -1.000000 0.454545 -1.000000 -0.919910 0.067089
-0.616162 -1.000000 0.454545 -1.000000 -0.919910 -0.007897
-0.515152 -1.000000 0.454545 -1.000000 -0.919910 -0.089265
-0.383838 -1.000000 0.454545 -1.000000 -0.919910 -0.285505
-0.979798 -0.819820 0.454545 1.000000 -0.912808 0.155955
-0.969697 -0.819820 0.454545 1.000000 -0.912808 0.228814
-0.956566 -0.819820 0.454545 1.000000 -0.912808 0.275082
-0.939394 -0.819820 0.454545 1.000000 -0.912808 0.320818
-0.919192 -0.819820 0.454545 1.000000 -0.912808 0.360172
-0.893939 -0.819820 0.454545 1.000000 -0.912808 0.352727
-0.858586 -0.819820 0.454545 1.000000 -0.912808 0.298482
-0.818182 -0.819820 0.454545 1.000000 -0.912808 0.250618
-0.767677 -0.819820 0.454545 1.000000 -0.912808 0.256468
-0.702020 -0.819820 0.454545 1.000000 -0.912808 0.209137
-0.616162 -0.819820 0.454545 1.000000 -0.912808 0.101178
-0.383838 -0.819820 0.454545 1.000000 -0.912808 -0.074321
-0.212121 -0.819820 0.454545 1.000000 -0.912808 -0.329061
-0.010101 -0.819820 0.454545 1.000000 -0.912808 -0.483820
-0.979798 -0.819820 0.454545 0.202020 -0.905740 0.005770
-0.969697 -0.819820 0.454545 0.202020 -0.905740 0.133406
-0.956566 -0.819820 0.454545 0.202020 -0.905740 0.247746
-0.939394 -0.819820 0.454545 0.202020 -0.905740 0.335496
-0.919192 -0.819820 0.454545 0.202020 -0.905740 0.362619
-0.893939 -0.819820 0.454545 0.202020 -0.905740 0.349855
-0.858586 -0.819820 0.454545 0.202020 -0.905740 0.242960
-0.702020 -0.819820 0.454545 0.202020 -0.905740 0.082884
-0.616162 -0.819820 0.454545 0.202020 -0.905740 0.002579
-0.515152 -0.819820 0.454545 0.202020 -0.905740 -0.091020
-0.383838 -0.819820 0.454545 0.202020 -0.905740 -0.184620
-0.988384 -0.819820 0.454545 -0.601010 -0.894329 -0.108836
-0.979798 -0.819820 0.454545 -0.601010 -0.894329 -0.001941
-0.969697 -0.819820 0.454545 -0.601010 -0.894329 0.158135
-0.956566 -0.819820 0.454545 -0.601010 -0.894329 0.278326
-0.939394 -0.819820 0.454545 -0.601010 -0.894329 0.364480
-0.919192 -0.819820 0.454545 -0.601010 -0.894329 0.370330
-0.893939 -0.819820 0.454545 -0.601010 -0.894329 0.322998
-0.858586 -0.819820 0.454545 -0.601010 -0.894329 0.194299
-0.818182 -0.819820 0.454545 -0.601010 -0.894329 0.032627
-0.767677 -0.819820 0.454545 -0.601010 -0.894329 -0.041827
-0.616162 -0.819820 0.454545 -0.601010 -0.894329 -0.104050
-0.515152 -0.819820 0.454545 -0.601010 -0.894329 -0.178504
-0.383838 -0.819820 0.454545 -0.601010 -0.894329 -0.306672
-0.988384 -0.819820 0.454545 -1.000000 -0.885434 -0.108304
-0.979798 -0.819820 0.454545 -1.000000 -0.885434 0.065599
-0.969697 -0.819820 0.454545 -1.000000 -0.885434 0.238971
-0.956566 -0.819820 0.454545 -1.000000 -0.885434 0.365544
-0.919192 -0.819820 0.454545 -1.000000 -0.885434 0.432021
-0.893939 -0.819820 0.454545 -1.000000 -0.885434 0.345335
-0.858586 -0.819820 0.454545 -1.000000 -0.885434 0.192172
-0.818182 -0.819820 0.454545 -1.000000 -0.885434 0.045390
-0.767677 -0.819820 0.454545 -1.000000 -0.885434 -0.041296
-0.702020 -0.819820 0.454545 -1.000000 -0.885434 -0.034914
-0.383838 -0.819820 0.454545 -1.000000 -0.885434 -0.374744
-0.969697 -0.639640 0.454545 1.000000 -0.875711 0.243279
-0.939394 -0.639640 0.454545 1.000000 -0.875711 0.452283
-0.919192 -0.639640 0.454545 1.000000 -0.875711 0.506528
-0.893939 -0.639640 0.454545 1.000000 -0.875711 0.507060
-0.767677 -0.639640 0.454545 1.000000 -0.875711 0.114580
-0.702020 -0.639640 0.454545 1.000000 -0.875711 0.102348
-0.616162 -0.639640 0.454545 1.000000 -0.875711 -0.024224
-0.515152 -0.639640 0.454545 1.000000 -0.875711 -0.056665
-0.383838 -0.639640 0.454545 1.000000 -0.875711 -0.189619
-0.212121 -0.639640 0.454545 1.000000 -0.875711 -0.496477
-0.010101 -0.639640 0.454545 1.000000 -0.875711 -0.482650
0.242424 -0.639640 0.454545 1.000000 -0.875711 -0.421491
0.595960 -0.639640 0.454545 1.000000 -0.875711 -0.500731
1.000000 -0.639640 0.454545 1.000000 -0.875711 -0.667190
-0.979798 -0.639640 0.454545 0.202020 -0.866058 0.057995
-0.969697 -0.639640 0.454545 0.202020 -0.866058 0.272848
-0.956566 -0.639640 0.454545 0.202020 -0.866058 0.413779
-0.939394 -0.639640 0.454545 0.202020 -0.866058 0.514824
-0.919192 -0.639640 0.454545 0.202020 -0.866058 0.529183
-0.893939 -0.639640 0.454545 0.202020 -0.866058 0.482915
-0.858586 -0.639640 0.454545 0.202020 -0.866058 0.323371
-0.818182 -0.639640 0.454545 0.202020 -0.866058 0.110112
-0.767677 -0.639640 0.454545 0.202020 -0.866058 0.010663
-0.702020 -0.639640 0.454545 0.202020 -0.866058 0.011195
-0.515152 -0.639640 0.454545 0.202020 -0.866058 -0.114314
-0.383838 -0.639640 0.454545 0.202020 -0.866058 -0.267477
-0.212121 -0.639640 0.454545 0.202020 -0.866058 -0.513708
-0.988384 -0.639640 0.454545 -0.601010 -0.850474 0.002420
-0.979798 -0.639640 0.454545 -0.601010 -0.850474 0.090169
-0.969697 -0.639640 0.454545 -0.601010 -0.850474 0.258223
-0.956566 -0.639640 0.454545 -0.601010 -0.850474 0.393304
-0.939394 -0.639640 0.454545 -0.601010 -0.850474 0.440636
-0.919192 -0.639640 0.454545 -0.601010 -0.850474 0.414045
-0.893939 -0.639640 0.454545 -0.601010 -0.850474 0.327359
-0.858586 -0.639640 0.454545 -0.601010 -0.850474 0.166751
-0.818182 -0.639640 0.454545 -0.601010 -0.850474 -0.027894
-0.767677 -0.639640 0.454545 -0.601010 -0.850474 -0.134789
-0.702020 -0.639640 0.454545 -0.601010 -0.850474 -0.093839
-0.515152 -0.639640 0.454545 -0.601010 -0.850474 -0.241152
-0.383838 -0.639640 0.454545 -0.601010 -0.850474 -0.421969
-0.212121 -0.639640 0.454545 -0.601010 -0.850474 -0.481533
-0.994949 -0.639640 0.454545 -1.000000 -0.838304 -0.106071
-0.979798 -0.639640 0.454545 -1.000000 -0.838304 0.210892
-0.969697 -0.639640 0.454545 -1.000000 -0.838304 0.359268
-0.956566 -0.639640 0.454545 -1.000000 -0.838304 0.434254
-0.939394 -0.639640 0.454545 -1.000000 -0.838304 0.461909
-0.919192 -0.639640 0.454545 -1.000000 -0.838304 0.408727
-0.893939 -0.639640 0.454545 -1.000000 -0.838304 0.315659
-0.818182 -0.639640 0.454545 -1.000000 -0.838304 -0.005026
-0.767677 -0.639640 0.454545 -1.000000 -0.838304 -0.105007
-0.702020 -0.639640 0.454545 -1.000000 -0.838304 -0.103943
-0.616162 -0.639640 0.454545 -1.000000 -0.838304 -0.176802
-0.515152 -0.639640 0.454545 -1.000000 -0.838304 -0.330497
-0.383838 -0.639640 0.454545 -1.000000 -0.838304 -0.504401
-0.979798 -0.522523 0.454545 1.000000 -0.834753 0.293376
-0.969697 -0.522523 0.454545 1.000000 -0.834753 0.409312
-0.956566 -0.522523 0.454545 1.000000 -0.834753 0.511421
-0.939394 -0.522523 0.454545 1.000000 -0.834753 0.600766
-0.919192 -0.522523 0.454545 1.000000 -0.834753 0.628420
-0.893939 -0.522523 0.454545 1.000000 -0.834753 0.595448
-0.858586 -0.522523 0.454545 1.000000 -0.834753 0.440157
-0.818182 -0.522523 0.454545 1.000000 -0.834753 0.197118
-0.767677 -0.522523 0.454545 1.000000 -0.834753 0.082777
-0.702020 -0.522523 0.454545 1.000000 -0.834753 0.049805
-0.616162 -0.522523 0.454545 1.000000 -0.834753 -0.098572
-0.515152 -0.522523 0.454545 1.000000 -0.834753 -0.219826
-0.383838 -0.522523 0.454545 1.000000 -0.834753 -0.279921
-0.212121 -0.522523 0.454545 1.000000 -0.834753 -0.387348
-0.010101 -0.522523 0.454545 1.000000 -0.834753 -0.576143
-0.994949 -0.522523 0.454545 -0.601010 -0.802034 0.256734
-0.988384 -0.522523 0.454545 -0.601010 -0.802034 0.399261
-0.979798 -0.522523 0.454545 -0.601010 -0.802034 0.480629
-0.969697 -0.522523 0.454545 -0.601010 -0.802034 0.535406
-0.956566 -0.522523 0.454545 -0.601010 -0.802034 0.522642
-0.939394 -0.522523 0.454545 -0.601010 -0.802034 0.388624
-0.919192 -0.522523 0.454545 -0.601010 -0.802034 0.180684
-0.893939 -0.522523 0.454545 -0.601010 -0.802034 0.188130
-0.858586 -0.522523 0.454545 -0.601010 -0.802034 0.047730
-0.818182 -0.522523 0.454545 -0.601010 -0.802034 -0.227218
-0.767677 -0.522523 0.454545 -0.601010 -0.802034 -0.320818
-0.702020 -0.522523 0.454545 -0.601010 -0.802034 -0.199032
-0.616162 -0.522523 0.454545 -0.601010 -0.802034 -0.339431
-0.515152 -0.522523 0.454545 -0.601010 -0.802034 -0.365490
-1.000000 -0.342342 0.454545 1.000000 -0.653887 0.881458
-0.988384 -0.342342 0.454545 1.000000 -0.653887 0.937299
-0.956566 -0.342342 0.454545 1.000000 -0.653887 0.616082
-0.939394 -0.342342 0.454545 1.000000 -0.653887 0.455474
-0.919192 -0.342342 0.454545 1.000000 -0.653887 0.247534
-0.893939 -0.342342 0.454545 1.000000 -0.653887 0.275188
-0.858586 -0.342342 0.454545 1.000000 -0.653887 0.188502
-0.818182 -0.342342 0.454545 1.000000 -0.653887 0.027894
-0.767677 -0.342342 0.454545 1.000000 -0.653887 -0.005079
-0.702020 -0.342342 0.454545 1.000000 -0.653887 -0.091765
-0.616162 -0.342342 0.454545 1.000000 -0.653887 -0.158242
-0.515152 -0.342342 0.454545 1.000000 -0.653887 -0.366182
-0.383838 -0.342342 0.454545 1.000000 -0.653887 -0.338527
-1.000000 -0.342342 0.454545 0.202020 -0.628685 0.694046
-0.988384 -0.342342 0.454545 0.202020 -0.628685 0.749887
-0.979798 -0.342342 0.454545 0.202020 -0.628685 0.730742
-0.969697 -0.342342 0.454545 0.202020 -0.628685 0.584492
-0.956566 -0.342342 0.454545 0.202020 -0.628685 0.465365
-0.939394 -0.342342 0.454545 0.202020 -0.628685 0.332943
-0.818182 -0.342342 0.454545 0.202020 -0.628685 -0.097296
-0.767677 -0.342342 0.454545 0.202020 -0.628685 -0.169623
-0.702020 -0.342342 0.454545 0.202020 -0.628685 -0.268540
-0.616162 -0.342342 0.454545 0.202020 -0.628685 -0.260563
-0.515152 -0.342342 0.454545 0.202020 -0.628685 -0.480735
-0.383838 -0.342342 0.454545 0.202020 -0.628685 -0.566357
-1.000000 -0.342342 0.454545 -0.601010 -0.588105 0.468290
-0.994949 -0.342342 0.454545 -0.601010 -0.588105 0.516154
-0.988384 -0.342342 0.454545 -0.601010 -0.588105 0.529981
-0.979798 -0.342342 0.454545 -0.601010 -0.588105 0.524131
-0.969697 -0.342342 0.454545 -0.601010 -0.588105 0.431595
-0.956566 -0.342342 0.454545 -0.601010 -0.588105 0.358736
-0.939394 -0.342342 0.454545 -0.601010 -0.588105 0.218869
-0.919192 -0.342342 0.454545 -0.601010 -0.588105 0.018906
-0.893939 -0.342342 0.454545 -0.601010 -0.588105 0.053474
-0.858586 -0.342342 0.454545 -0.601010 -0.588105 -0.059803
-0.767677 -0.342342 0.454545 -0.601010 -0.588105 -0.299120
-0.702020 -0.342342 0.454545 -0.601010 -0.588105 -0.418778
-0.616162 -0.342342 0.454545 -0.601010 -0.588105 -0.431010
-0.515152 -0.342342 0.454545 -0.601010 -0.588105 -0.543755
-1.000000 -0.342342 0.454545 -1.000000 -0.556421 0.345441
-0.994949 -0.342342 0.454545 -1.000000 -0.556421 0.420427
-0.988384 -0.342342 0.454545 -1.000000 -0.556421 0.428404
-0.979798 -0.342342 0.454545 -1.000000 -0.556421 0.430000
-0.969697 -0.342342 0.454545 -1.000000 -0.556421 0.318318
-0.956566 -0.342342 0.454545 -1.000000 -0.556421 0.213019
-0.939394 -0.342342 0.454545 -1.000000 -0.556421 0.054538
-0.919192 -0.342342 0.454545 -1.000000 -0.556421 -0.164039
-0.893939 -0.342342 0.454545 -1.000000 -0.556421 -0.089053
-0.858586 -0.342342 0.454545 -1.000000 -0.556421 -0.167230
-0.818182 -0.342342 0.454545 -1.000000 -0.556421 -0.365597
-0.767677 -0.342342 0.454545 -1.000000 -0.556421 -0.397506
-0.616162 -0.342342 0.454545 -1.000000 -0.556421 -0.507592
-0.515152 -0.342342 0.454545 -1.000000 -0.556421 -0.593214
-0.383838 -0.342342 0.454545 -1.000000 -0.556421 -0.611296
-0.939394 -1.000000 -0.090909 1.000000 -0.958697 0.193235
-0.919192 -1.000000 -0.090909 1.000000 -0.958697 0.272476
-0.893939 -1.000000 -0.090909 1.000000 -0.958697 0.358630
-0.858586 -1.000000 -0.090909 1.000000 -0.958697 0.397984
-0.818182 -1.000000 -0.090909 1.000000 -0.958697 0.343739
-0.767677 -1.000000 -0.090909 1.000000 -0.958697 0.316085
-0.702020 -1.000000 -0.090909 1.000000 -0.958697 0.382562
-0.616162 -1.000000 -0.090909 1.000000 -0.958697 0.354907
-0.515152 -1.000000 -0.090909 1.000000 -0.958697 0.227272
-0.383838 -1.000000 -0.090909 1.000000 -0.958697 0.172494
-0.212121 -1.000000 -0.090909 1.000000 -0.958697 0.018268
-0.010101 -1.000000 -0.090909 1.000000 -0.958697 -0.102986
0.242424 -1.000000 -0.090909 1.000000 -0.958697 -0.271040
0.595960 -1.000000 -0.090909 1.000000 -0.958697 -0.472598
-0.969697 -1.000000 -0.090909 0.202020 -0.954284 -0.085649
-0.956566 -1.000000 -0.090909 0.202020 -0.954284 0.074428
-0.939394 -1.000000 -0.090909 0.202020 -0.954284 0.240886
-0.919192 -1.000000 -0.090909 0.202020 -0.954284 0.340336
-0.893939 -1.000000 -0.090909 0.202020 -0.954284 0.413194
-0.858586 -1.000000 -0.090909 0.202020 -0.954284 0.425426
-0.818182 -1.000000 -0.090909 0.202020 -0.954284 0.398304
-0.767677 -1.000000 -0.090909 0.202020 -0.954284 0.296727
-0.702020 -1.000000 -0.090909 0.202020 -0.954284 0.296195
-0.515152 -1.000000 -0.090909 0.202020 -0.954284 0.160582
-0.383838 -1.000000 -0.090909 0.202020 -0.954284 0.059537
-0.212121 -1.000000 -0.090909 0.202020 -0.954284 -0.014917
-0.010101 -1.000000 -0.090909 0.202020 -0.954284 -0.155849
0.242424 -1.000000 -0.090909 0.202020 -0.954284 -0.270721
0.595960 -1.000000 -0.090909 0.202020 -0.954284 -0.498870
-0.969697 -1.000000 -0.090909 -0.601010 -0.947182 -0.142021
-0.956566 -1.000000 -0.090909 -0.601010 -0.947182 0.118037
-0.939394 -1.000000 -0.090909 -0.601010 -0.947182 0.304172
-0.919192 -1.000000 -0.090909 -0.601010 -0.947182 0.417449
-0.893939 -1.000000 -0.090909 -0.601010 -0.947182 0.470099
-0.858586 -1.000000 -0.090909 -0.601010 -0.947182 0.469567
-0.818182 -1.000000 -0.090909 -0.601010 -0.947182 0.396176
-0.767677 -1.000000 -0.090909 -0.601010 -0.947182 0.248863
-0.702020 -1.000000 -0.090909 -0.601010 -0.947182 0.181854
-0.616162 -1.000000 -0.090909 -0.601010 -0.947182 0.168027
-0.515152 -1.000000 -0.090909 -0.601010 -0.947182 0.067514
-0.383838 -1.000000 -0.090909 -0.601010 -0.947182 -0.046295
-0.212121 -1.000000 -0.090909 -0.601010 -0.947182 -0.086713
-0.010101 -1.000000 -0.090909 -0.601010 -0.947182 -0.360066
-0.969697 -1.000000 -0.090909 -1.000000 -0.941631 -0.030127
-0.956566 -1.000000 -0.090909 -1.000000 -0.941631 0.202808
-0.939394 -1.000000 -0.090909 -1.000000 -0.941631 0.368735
-0.919192 -1.000000 -0.090909 -1.000000 -0.941631 0.468184
-0.893939 -1.000000 -0.090909 -1.000000 -0.941631 0.493711
-0.858586 -1.000000 -0.090909 -1.000000 -0.941631 0.459143
-0.818182 -1.000000 -0.090909 -1.000000 -0.941631 0.357566
-0.767677 -1.000000 -0.090909 -1.000000 -0.941631 0.195894
-0.702020 -1.000000 -0.090909 -1.000000 -0.941631 0.107613
-0.515152 -1.000000 -0.090909 -1.000000 -0.941631 0.011354
-0.383838 -1.000000 -0.090909 -1.000000 -0.941631 -0.130109
-0.212121 -1.000000 -0.090909 -1.000000 -0.941631 -0.224772
-0.956566 -0.756757 -0.090909 1.000000 -0.929736 0.277634
-0.939394 -0.756757 -0.090909 1.000000 -0.929736 0.277103
-0.919192 -0.756757 -0.090909 1.000000 -0.929736 0.350493
-0.893939 -0.756757 -0.090909 1.000000 -0.929736 0.423352
-0.858586 -0.756757 -0.090909 1.000000 -0.929736 0.449943
-0.818182 -0.756757 -0.090909 1.000000 -0.929736 0.421757
-0.767677 -0.756757 -0.090909 1.000000 -0.929736 0.327093
-0.616162 -0.756757 -0.090909 1.000000 -0.929736 0.231367
-0.383838 -0.756757 -0.090909 1.000000 -0.929736 -0.012737
-0.212121 -0.756757 -0.090909 1.000000 -0.929736 -0.087723
-0.010101 -0.756757 -0.090909 1.000000 -0.929736 -0.290345
0.242424 -0.756757 -0.090909 1.000000 -0.929736 -0.486585
0.595960 -0.756757 -0.090909 1.000000 -0.929736 -0.628580
-0.969697 -0.756757 -0.090909 -0.601010 -0.912188 -0.062462
-0.956566 -0.756757 -0.090909 -0.601010 -0.912188 0.192810
-0.939394 -0.756757 -0.090909 -0.601010 -0.912188 0.353418
-0.919192 -0.756757 -0.090909 -0.601010 -0.912188 0.447018
-0.893939 -0.756757 -0.090909 -0.601010 -0.912188 0.459781
-0.858586 -0.756757 -0.090909 -0.601010 -0.912188 0.418300
-0.818182 -0.756757 -0.090909 -0.601010 -0.912188 0.316723
-0.767677 -0.756757 -0.090909 -0.601010 -0.912188 0.181110
-0.702020 -0.756757 -0.090909 -0.601010 -0.912188 0.039115
-0.616162 -0.756757 -0.090909 -0.601010 -0.912188 -0.015662
-0.515152 -0.756757 -0.090909 -0.601010 -0.912188 -0.036403
-0.383838 -0.756757 -0.090909 -0.601010 -0.912188 -0.158189
-0.212121 -0.756757 -0.090909 -0.601010 -0.912188 -0.293802
-0.010101 -0.756757 -0.090909 -0.601010 -0.912188 -0.510251
0.242424 -0.756757 -0.090909 -0.601010 -0.912188 -0.719786
-0.979798 -0.513514 -0.090909 1.000000 -0.875504 0.103039
-0.956566 -0.513514 -0.090909 1.000000 -0.875504 0.360970
-0.939394 -0.513514 -0.090909 1.000000 -0.875504 0.483820
-0.919192 -0.513514 -0.090909 1.000000 -0.875504 0.585928
-0.893939 -0.513514 -0.090909 1.000000 -0.875504 0.634323
-0.858586 -0.513514 -0.090909 1.000000 -0.875504 0.588055
-0.767677 -0.513514 -0.090909 1.000000 -0.875504 0.287579
-0.702020 -0.513514 -0.090909 1.000000 -0.875504 0.059962
-0.515152 -0.513514 -0.090909 1.000000 -0.875504 -0.112878
-0.383838 -0.513514 -0.090909 1.000000 -0.875504 -0.306991
-0.979798 -0.513514 -0.090909 0.202020 -0.864437 0.245885
-0.969697 -0.513514 -0.090909 0.202020 -0.864437 0.382030
-0.956566 -0.513514 -0.090909 0.202020 -0.864437 0.511793
-0.939394 -0.513514 -0.090909 0.202020 -0.864437 0.580397
-0.919192 -0.513514 -0.090909 0.202020 -0.864437 0.528811
-0.893939 -0.513514 -0.090909 0.202020 -0.864437 0.457016
-0.818182 -0.513514 -0.090909 0.202020 -0.864437 0.346930
-0.767677 -0.513514 -0.090909 0.202020 -0.864437 0.100699
-0.702020 -0.513514 -0.090909 0.202020 -0.864437 -0.031723
-0.515152 -0.513514 -0.090909 0.202020 -0.864437 -0.182227
-0.383838 -0.513514 -0.090909 0.202020 -0.864437 -0.260404
-0.988384 -0.513514 -0.090909 -0.601010 -0.846613 0.168240
-0.979798 -0.513514 -0.090909 -0.601010 -0.846613 0.290026
-0.969697 -0.513514 -0.090909 -0.601010 -0.846613 0.412343
-0.956566 -0.513514 -0.090909 -0.601010 -0.846613 0.541043
-0.919192 -0.513514 -0.090909 -0.601010 -0.846613 0.442657
-0.893939 -0.513514 -0.090909 -0.601010 -0.846613 0.262371
-0.858586 -0.513514 -0.090909 -0.601010 -0.846613 0.217167
-0.818182 -0.513514 -0.090909 -0.601010 -0.846613 0.131013
-0.767677 -0.513514 -0.090909 -0.601010 -0.846613 -0.089691
-0.702020 -0.513514 -0.090909 -0.601010 -0.846613 -0.162018
-0.616162 -0.513514 -0.090909 -0.601010 -0.846613 -0.268381
-0.383838 -0.513514 -0.090909 -0.601010 -0.846613 -0.292844
-0.988384 -0.513514 -0.090909 -1.000000 -0.832650 0.189194
-0.979798 -0.513514 -0.090909 -1.000000 -0.832650 0.297684
-0.969697 -0.513514 -0.090909 -1.000000 -0.832650 0.398729
-0.956566 -0.513514 -0.090909 -1.000000 -0.832650 0.493924
-0.939394 -0.513514 -0.090909 -1.000000 -0.832650 0.494988
-0.919192 -0.513514 -0.090909 -1.000000 -0.832650 0.322147
-0.893939 -0.513514 -0.090909 -1.000000 -0.832650 0.096126
-0.858586 -0.513514 -0.090909 -1.000000 -0.832650 0.083894
-0.818182 -0.513514 -0.090909 -1.000000 -0.832650 0.031244
-0.767677 -0.513514 -0.090909 -1.000000 -0.832650 -0.161273
-0.702020 -0.513514 -0.090909 -1.000000 -0.832650 -0.207009
-0.616162 -0.513514 -0.090909 -1.000000 -0.832650 -0.319222
-0.515152 -0.513514 -0.090909 -1.000000 -0.832650 -0.345281
-0.383838 -0.513514 -0.090909 -1.000000 -0.832650 -0.350600
-0.988384 -0.351351 -0.090909 1.000000 -0.754560 0.347249
-0.979798 -0.351351 -0.090909 1.000000 -0.754560 0.422235
-0.969697 -0.351351 -0.090909 1.000000 -0.754560 0.524344
-0.956566 -0.351351 -0.090909 1.000000 -0.754560 0.673784
-0.939394 -0.351351 -0.090909 1.000000 -0.754560 0.736007
-0.919192 -0.351351 -0.090909 1.000000 -0.754560 0.642939
-0.893939 -0.351351 -0.090909 1.000000 -0.754560 0.549339
-0.818182 -0.351351 -0.090909 1.000000 -0.754560 0.343526
-0.767677 -0.351351 -0.090909 1.000000 -0.754560 0.115377
-0.702020 -0.351351 -0.090909 1.000000 -0.754560 -0.287207
-0.515152 -0.351351 -0.090909 1.000000 -0.754560 -0.204244
-0.383838 -0.351351 -0.090909 1.000000 -0.754560 -0.296780
-0.212121 -0.351351 -0.090909 1.000000 -0.754560 -0.470684
-0.010101 -0.351351 -0.090909 1.000000 -0.754560 -0.631292
-0.988384 -0.351351 -0.090909 -0.601010 -0.700362 0.445369
-0.979798 -0.351351 -0.090909 -0.601010 -0.700362 0.528332
-0.969697 -0.351351 -0.090909 -0.601010 -0.700362 0.557051
-0.956566 -0.351351 -0.090909 -0.601010 -0.700362 0.585769
-0.939394 -0.351351 -0.090909 -0.601010 -0.700362 0.541096
-0.919192 -0.351351 -0.090909 -0.601010 -0.700362 0.327306
-0.893939 -0.351351 -0.090909 -0.601010 -0.700362 0.013003
-0.858586 -0.351351 -0.090909 -0.601010 -0.700362 -0.113037
-0.818182 -0.351351 -0.090909 -0.601010 -0.700362 -0.103997
-0.767677 -0.351351 -0.090909 -0.601010 -0.700362 -0.250246
-0.702020 -0.351351 -0.090909 -0.601010 -0.700362 -0.551254
-0.616162 -0.351351 -0.090909 -0.601010 -0.700362 -0.421491
-0.515152 -0.351351 -0.090909 -0.601010 -0.700362 -0.473077
-0.383838 -0.351351 -0.090909 -0.601010 -0.700362 -0.504986
-0.212121 -0.351351 -0.090909 -0.601010 -0.700362 -0.563486
-0.010101 -0.351351 -0.090909 -0.601010 -0.700362 -0.601776
-1.000000 -0.108108 -0.090909 1.000000 -0.348423 0.645385
-0.994949 -0.108108 -0.090909 1.000000 -0.348423 0.699099
-0.988384 -0.108108 -0.090909 1.000000 -0.348423 0.706012
-0.979798 -0.108108 -0.090909 1.000000 -0.348423 0.685803
-0.969697 -0.108108 -0.090909 1.000000 -0.348423 0.483713
-0.956566 -0.108108 -0.090909 1.000000 -0.348423 0.409791
-0.939394 -0.108108 -0.090909 1.000000 -0.348423 0.356077
-0.919192 -0.108108 -0.090909 1.000000 -0.348423 0.221528
-0.893939 -0.108108 -0.090909 1.000000 -0.348423 0.026351
-0.858586 -0.108108 -0.090909 1.000000 -0.348423 -0.020980
-0.818182 -0.108108 -0.090909 1.000000 -0.348423 -0.074694
-0.767677 -0.108108 -0.090909 1.000000 -0.348423 -0.135321
-0.702020 -0.108108 -0.090909 1.000000 -0.348423 -0.283697
-0.616162 -0.108108 -0.090909 1.000000 -0.348423 -0.377829
-0.515152 -0.108108 -0.090909 1.000000 -0.348423 -0.404951
-0.383838 -0.108108 -0.090909 1.000000 -0.348423 -0.539501
-1.000000 -0.108108 -0.090909 0.202020 -0.295190 0.519664
-0.994949 -0.108108 -0.090909 0.202020 -0.295190 0.587736
-0.988384 -0.108108 -0.090909 0.202020 -0.295190 0.540937
-0.979798 -0.108108 -0.090909 0.202020 -0.295190 0.501050
-0.969697 -0.108108 -0.090909 0.202020 -0.295190 0.299492
-0.956566 -0.108108 -0.090909 0.202020 -0.295190 0.272901
-0.939394 -0.108108 -0.090909 0.202020 -0.295190 0.233015
-0.919192 -0.108108 -0.090909 0.202020 -0.295190 0.131970
-0.893939 -0.108108 -0.090909 0.202020 -0.295190 -0.029170
-0.818182 -0.108108 -0.090909 0.202020 -0.295190 -0.142447
-0.767677 -0.108108 -0.090909 0.202020 -0.295190 -0.203074
-0.702020 -0.108108 -0.090909 0.202020 -0.295190 -0.377510
-0.616162 -0.108108 -0.090909 0.202020 -0.295190 -0.491318
-0.515152 -0.108108 -0.090909 0.202020 -0.295190 -0.538118
-1.000000 -0.108108 -0.090909 -0.601010 -0.209378 0.272901
-0.994949 -0.108108 -0.090909 -0.601010 -0.209378 0.327147
-0.988384 -0.108108 -0.090909 -0.601010 -0.209378 0.340974
-0.979798 -0.108108 -0.090909 -0.601010 -0.209378 0.327678
-0.969697 -0.108108 -0.090909 -0.601010 -0.209378 0.247374
-0.956566 -0.108108 -0.090909 -0.601010 -0.209378 0.227697
-0.939394 -0.108108 -0.090909 -0.601010 -0.209378 0.221315
-0.919192 -0.108108 -0.090909 -0.601010 -0.209378 0.087829
-0.893939 -0.108108 -0.090909 -0.601010 -0.209378 -0.086606
-0.858586 -0.108108 -0.090909 -0.601010 -0.209378 -0.193501
-0.818182 -0.108108 -0.090909 -0.601010 -0.209378 -0.226474
-0.767677 -0.108108 -0.090909 -0.601010 -0.209378 -0.313160
-0.702020 -0.108108 -0.090909 -0.601010 -0.209378 -0.460473
-0.616162 -0.108108 -0.090909 -0.601010 -0.209378 -0.527482
-0.515152 -0.108108 -0.090909 -0.601010 -0.209378 -0.587577
-0.383838 -0.108108 -0.090909 -0.601010 -0.209378 -0.654054
-1.000000 -0.108108 -0.090909 -1.000000 -0.142320 0.272050
-0.994949 -0.108108 -0.090909 -1.000000 -0.142320 0.339059
-0.988384 -0.108108 -0.090909 -1.000000 -0.142320 0.352355
-0.979798 -0.108108 -0.090909 -1.000000 -0.142320 0.359268
-0.969697 -0.108108 -0.090909 -1.000000 -0.142320 0.265669
-0.956566 -0.108108 -0.090909 -1.000000 -0.142320 0.205573
-0.919192 -0.108108 -0.090909 -1.000000 -0.142320 -0.001835
-0.893939 -0.108108 -0.090909 -1.000000 -0.142320 -0.189566
-0.858586 -0.108108 -0.090909 -1.000000 -0.142320 -0.269338
-0.818182 -0.108108 -0.090909 -1.000000 -0.142320 -0.283165
-0.767677 -0.108108 -0.090909 -1.000000 -0.142320 -0.396442
-0.702020 -0.108108 -0.090909 -1.000000 -0.142320 -0.530460
-0.616162 -0.108108 -0.090909 -1.000000 -0.142320 -0.570346
-0.515152 -0.108108 -0.090909 -1.000000 -0.142320 -0.650650
-0.383838 -0.108108 -0.090909 -1.000000 -0.142320 -0.717659
-1.000000 0.135135 -0.090909 1.000000 0.651957 0.328157
-0.994949 0.135135 -0.090909 1.000000 0.651957 0.402079
-0.988384 0.135135 -0.090909 1.000000 0.651957 0.335071
-0.979798 0.135135 -0.090909 1.000000 0.651957 0.261148
-0.969697 0.135135 -0.090909 1.000000 0.651957 -0.027628
-0.956566 0.135135 -0.090909 1.000000 0.651957 0.059590
-0.939394 0.135135 -0.090909 1.000000 0.651957 0.046295
-0.919192 0.135135 -0.090909 1.000000 0.651957 -0.007419
-0.893939 0.135135 -0.090909 1.000000 0.651957 -0.107932
-0.858586 0.135135 -0.090909 1.000000 0.651957 -0.087723
-0.818182 0.135135 -0.090909 1.000000 0.651957 -0.248863
-0.702020 0.135135 -0.090909 1.000000 0.651957 -0.470630
-0.616162 0.135135 -0.090909 1.000000 0.651957 -0.752493
-0.515152 0.135135 -0.090909 1.000000 0.651957 -0.752493
-1.000000 0.135135 -0.090909 -0.601010 1.000000 -0.395325
-0.994949 0.135135 -0.090909 -0.601010 1.000000 -0.334698
-0.988384 0.135135 -0.090909 -0.601010 1.000000 -0.327785
-0.979798 0.135135 -0.090909 -0.601010 1.000000 -0.333635
-0.969697 0.135135 -0.090909 -0.601010 1.000000 -0.387348
-0.956566 0.135135 -0.090909 -0.601010 1.000000 -0.299598
-0.939394 0.135135 -0.090909 -0.601010 1.000000 -0.299067
-0.919192 0.135135 -0.090909 -0.601010 1.000000 -0.399580
-0.893939 0.135135 -0.090909 -0.601010 1.000000 -0.533066
-0.858586 0.135135 -0.090909 -0.601010 1.000000 -0.606456
-0.818182 0.135135 -0.090909 -0.601010 1.000000 -0.673465
-0.767677 0.135135 -0.090909 -0.601010 1.000000 -0.813864
-0.616162 0.135135 -0.090909 -0.601010 1.000000 -0.940437
-0.515152 0.135135 -0.090909 -0.601010 1.000000 -0.960114
-0.939394 -1.000000 -0.818182 1.000000 -0.988312 0.466748
-0.919192 -1.000000 -0.818182 1.000000 -0.988312 0.386444
-0.893939 -1.000000 -0.818182 1.000000 -0.988312 0.339112
-0.858586 -1.000000 -0.818182 1.000000 -0.988312 0.398676
-0.818182 -1.000000 -0.818182 1.000000 -0.988312 0.472066
-0.767677 -1.000000 -0.818182 1.000000 -0.988312 0.485362
-0.616162 -1.000000 -0.818182 1.000000 -0.988312 0.651288
-0.515152 -1.000000 -0.818182 1.000000 -0.988312 0.651288
-0.383838 -1.000000 -0.818182 1.000000 -0.988312 0.577366
-0.212121 -1.000000 -0.818182 1.000000 -0.988312 0.463026
-0.010101 -1.000000 -0.818182 1.000000 -0.988312 0.348685
0.242424 -1.000000 -0.818182 1.000000 -0.988312 0.161486
-0.939394 -1.000000 -0.818182 0.202020 -0.987554 0.114473
-0.919192 -1.000000 -0.818182 0.202020 -0.987554 0.180950
-0.893939 -1.000000 -0.818182 0.202020 -0.987554 0.260191
-0.818182 -1.000000 -0.818182 0.202020 -0.987554 0.493126
-0.767677 -1.000000 -0.818182 0.202020 -0.987554 0.626080
-0.702020 -1.000000 -0.818182 0.202020 -0.987554 0.672348
-0.616162 -1.000000 -0.818182 0.202020 -0.987554 0.678730
-0.515152 -1.000000 -0.818182 0.202020 -0.987554 0.657989
-0.383838 -1.000000 -0.818182 0.202020 -0.987554 0.564390
-0.010101 -1.000000 -0.818182 0.202020 -0.987554 0.289973
-0.939394 -1.000000 -0.818182 -0.601010 -0.986520 0.229984
-0.919192 -1.000000 -0.818182 -0.601010 -0.986520 0.290079
-0.893939 -1.000000 -0.818182 -0.601010 -0.986520 0.370383
-0.858586 -1.000000 -0.818182 -0.601010 -0.986520 0.463983
-0.818182 -1.000000 -0.818182 -0.601010 -0.986520 0.570878
-0.767677 -1.000000 -0.818182 -0.601010 -0.986520 0.678305
-0.616162 -1.000000 -0.818182 -0.601010 -0.986520 0.697982
-0.515152 -1.000000 -0.818182 -0.601010 -0.986520 0.644800
-0.383838 -1.000000 -0.818182 -0.601010 -0.986520 0.517696
-0.212121 -1.000000 -0.818182 -0.601010 -0.986520 0.336879
-0.010101 -1.000000 -0.818182 -0.601010 -0.986520 0.202861
0.242424 -1.000000 -0.818182 -0.601010 -0.986520 0.095966
-0.939394 -1.000000 -0.818182 -1.000000 -0.985830 0.032255
-0.919192 -1.000000 -0.818182 -1.000000 -0.985830 0.244449
-0.893939 -1.000000 -0.818182 -1.000000 -0.985830 0.376871
-0.858586 -1.000000 -0.818182 -1.000000 -0.985830 0.469407
-0.818182 -1.000000 -0.818182 -1.000000 -0.985830 0.575770
-0.767677 -1.000000 -0.818182 -1.000000 -0.985830 0.674688
-0.702020 -1.000000 -0.818182 -1.000000 -0.985830 0.707661
-0.616162 -1.000000 -0.818182 -1.000000 -0.985830 0.634270
-0.515152 -1.000000 -0.818182 -1.000000 -0.985830 0.587470
-0.383838 -1.000000 -0.818182 -1.000000 -0.985830 0.433776
-0.212121 -1.000000 -0.818182 -1.000000 -0.985830 0.234345
-0.010101 -1.000000 -0.818182 -1.000000 -0.985830 0.014173
0.242424 -1.000000 -0.818182 -1.000000 -0.985830 -0.165581
-0.858586 -0.621622 -0.818182 1.000000 -0.964592 0.113516
-0.818182 -0.621622 -0.818182 1.000000 -0.964592 0.407610
-0.767677 -0.621622 -0.818182 1.000000 -0.964592 0.520887
-0.702020 -0.621622 -0.818182 1.000000 -0.964592 0.613955
-0.616162 -0.621622 -0.818182 1.000000 -0.964592 0.607041
-0.515152 -0.621622 -0.818182 1.000000 -0.964592 0.566091
-0.383838 -0.621622 -0.818182 1.000000 -0.964592 0.378892
-0.212121 -0.621622 -0.818182 1.000000 -0.964592 0.164039
-0.010101 -0.621622 -0.818182 1.000000 -0.964592 -0.050283
0.242424 -0.621622 -0.818182 1.000000 -0.964592 -0.258223
-0.919192 -0.621622 -0.818182 -0.601010 -0.961179 0.184194
-0.893939 -0.621622 -0.818182 -0.601010 -0.961179 0.332039
-0.818182 -0.621622 -0.818182 -0.601010 -0.961179 0.553275
-0.767677 -0.621622 -0.818182 -0.601010 -0.961179 0.620283
-0.702020 -0.621622 -0.818182 -0.601010 -0.961179 0.606456
-0.616162 -0.621622 -0.818182 -0.601010 -0.961179 0.511793
-0.515152 -0.621622 -0.818182 -0.601010 -0.961179 0.403834
-0.383838 -0.621622 -0.818182 -0.601010 -0.961179 0.187917
-0.212121 -0.621622 -0.818182 -0.601010 -0.961179 -0.095009
-0.010101 -0.621622 -0.818182 -0.601010 -0.961179 -0.277422
-0.939394 -0.243243 -0.818182 1.000000 -0.831270 0.285718
-0.919192 -0.243243 -0.818182 1.000000 -0.831270 0.412822
-0.893939 -0.243243 -0.818182 1.000000 -0.831270 0.526631
-0.818182 -0.243243 -0.818182 1.000000 -0.831270 0.653735
-0.767677 -0.243243 -0.818182 1.000000 -0.831270 0.640439
-0.702020 -0.243243 -0.818182 1.000000 -0.831270 0.520249
-0.616162 -0.243243 -0.818182 1.000000 -0.831270 0.252214
-0.515152 -0.243243 -0.818182 1.000000 -0.831270 -0.055176
-0.979798 -0.243243 -0.818182 0.202020 -0.825961 -0.031989
-0.969697 -0.243243 -0.818182 0.202020 -0.825961 0.082884
-0.956566 -0.243243 -0.818182 0.202020 -0.825961 0.211051
-0.939394 -0.243243 -0.818182 0.202020 -0.825961 0.339219
-0.919192 -0.243243 -0.818182 0.202020 -0.825961 0.454091
-0.893939 -0.243243 -0.818182 0.202020 -0.825961 0.535459
-0.858586 -0.243243 -0.818182 0.202020 -0.825961 0.576940
-0.818182 -0.243243 -0.818182 0.202020 -0.825961 0.577472
-0.767677 -0.243243 -0.818182 0.202020 -0.825961 0.497700
-0.702020 -0.243243 -0.818182 0.202020 -0.825961 0.330710
-0.515152 -0.243243 -0.818182 0.202020 -0.825961 -0.338846
-0.979798 -0.243243 -0.818182 -0.601010 -0.818617 -0.115324
-0.969697 -0.243243 -0.818182 -0.601010 -0.818617 0.038371
-0.956566 -0.243243 -0.818182 -0.601010 -0.818617 0.205361
-0.919192 -0.243243 -0.818182 -0.601010 -0.818617 0.426064
-0.893939 -0.243243 -0.818182 -0.601010 -0.818617 0.479778
-0.858586 -0.243243 -0.818182 -0.601010 -0.818617 0.467014
-0.767677 -0.243243 -0.818182 -0.601010 -0.818617 0.280879
-0.702020 -0.243243 -0.818182 -0.601010 -0.818617 0.094743
-0.616162 -0.243243 -0.818182 -0.601010 -0.818617 -0.171697
-0.979798 -0.243243 -0.818182 -1.000000 -0.813584 -0.112080
-0.969697 -0.243243 -0.818182 -1.000000 -0.813584 0.041615
-0.956566 -0.243243 -0.818182 -1.000000 -0.813584 0.195309
-0.939394 -0.243243 -0.818182 -1.000000 -0.813584 0.322413
-0.893939 -0.243243 -0.818182 -1.000000 -0.813584 0.423990
-0.858586 -0.243243 -0.818182 -1.000000 -0.813584 0.378254
-0.818182 -0.243243 -0.818182 -1.000000 -0.813584 0.292632
-0.767677 -0.243243 -0.818182 -1.000000 -0.813584 0.180419
-0.702020 -0.243243 -0.818182 -1.000000 -0.813584 -0.005185
-0.616162 -0.243243 -0.818182 -1.000000 -0.813584 -0.216848
-1.000000 0.009009 -0.818182 1.000000 -0.528667 0.199830
-0.994949 0.009009 -0.818182 1.000000 -0.528667 0.261520
-0.988384 0.009009 -0.818182 1.000000 -0.528667 0.329593
-0.979798 0.009009 -0.818182 1.000000 -0.528667 0.377456
-0.969697 0.009009 -0.818182 1.000000 -0.528667 0.432233
-0.956566 0.009009 -0.818182 1.000000 -0.528667 0.607733
-0.939394 0.009009 -0.818182 1.000000 -0.528667 0.736432
-0.919192 0.009009 -0.818182 1.000000 -0.528667 0.784827
-0.893939 0.009009 -0.818182 1.000000 -0.528667 0.744941
-0.858586 0.009009 -0.818182 1.000000 -0.528667 0.691760
-0.818182 0.009009 -0.818182 1.000000 -0.528667 0.591778
-0.767677 0.009009 -0.818182 1.000000 -0.528667 0.444465
-0.702020 0.009009 -0.818182 1.000000 -0.528667 0.263648
-0.616162 0.009009 -0.818182 1.000000 -0.528667 0.015290
-1.000000 0.009009 -0.818182 -0.601010 -0.495018 0.150318
-0.994949 0.009009 -0.818182 -0.601010 -0.495018 0.225836
-0.988384 0.009009 -0.818182 -0.601010 -0.495018 0.361980
-0.969697 0.009009 -0.818182 -0.601010 -0.495018 0.519930
-0.956566 0.009009 -0.818182 -0.601010 -0.495018 0.582152
-0.939394 0.009009 -0.818182 -0.601010 -0.495018 0.617252
-0.919192 0.009009 -0.818182 -0.601010 -0.495018 0.544925
-0.893939 0.009009 -0.818182 -0.601010 -0.495018 0.418353
-0.858586 0.009009 -0.818182 -0.601010 -0.495018 0.231686
-0.818182 0.009009 -0.818182 -0.601010 -0.495018 0.118941
-0.767677 0.009009 -0.818182 -0.601010 -0.495018 -0.000718
-1.000000 0.387387 -0.818182 1.000000 -0.102706 0.075066
-0.994949 0.387387 -0.818182 1.000000 -0.102706 0.141011
-0.988384 0.387387 -0.818182 1.000000 -0.102706 0.213338
-0.979798 0.387387 -0.818182 1.000000 -0.102706 0.245779
-0.969697 0.387387 -0.818182 1.000000 -0.102706 0.271306
-0.956566 0.387387 -0.818182 1.000000 -0.102706 0.396814
-0.939394 0.387387 -0.818182 1.000000 -0.102706 0.496264
-0.919192 0.387387 -0.818182 1.000000 -0.102706 0.514878
-0.893939 0.387387 -0.818182 1.000000 -0.102706 0.460632
-0.858586 0.387387 -0.818182 1.000000 -0.102706 0.419151
-0.818182 0.387387 -0.818182 1.000000 -0.102706 0.377669
-0.767677 0.387387 -0.818182 1.000000 -0.102706 0.289388
-0.702020 0.387387 -0.818182 1.000000 -0.102706 0.187811
-0.616162 0.387387 -0.818182 1.000000 -0.102706 0.026139
-0.515152 0.387387 -0.818182 1.000000 -0.102706 -0.162124
-0.383838 0.387387 -0.818182 1.000000 -0.102706 -0.370596
-0.212121 0.387387 -0.818182 1.000000 -0.102706 -0.505677
-1.000000 0.387387 -0.818182 0.202020 -0.076297 0.040232
-0.994949 0.387387 -0.818182 0.202020 -0.076297 0.105645
-0.988384 0.387387 -0.818182 0.202020 -0.076297 0.170527
-0.979798 0.387387 -0.818182 0.202020 -0.076297 0.229558
-0.969697 0.387387 -0.818182 0.202020 -0.076297 0.267849
-0.956566 0.387387 -0.818182 0.202020 -0.076297 0.380062
-0.939394 0.387387 -0.818182 0.202020 -0.076297 0.438562
-0.919192 0.387387 -0.818182 0.202020 -0.076297 0.436967
-0.893939 0.387387 -0.818182 0.202020 -0.076297 0.415694
-0.858586 0.387387 -0.818182 0.202020 -0.076297 0.319967
-0.818182 0.387387 -0.818182 0.202020 -0.076297 0.258276
-0.767677 0.387387 -0.818182 0.202020 -0.076297 0.183290
-0.702020 0.387387 -0.818182 0.202020 -0.076297 0.067886
-0.616162 0.387387 -0.818182 0.202020 -0.076297 -0.067195
-0.383838 0.387387 -0.818182 0.202020 -0.076297 -0.492116
-1.000000 0.387387 -0.818182 -0.601010 -0.039545 -0.021299
-0.979798 0.387387 -0.818182 -0.601010 -0.039545 0.168559
-0.969697 0.387387 -0.818182 -0.601010 -0.039545 0.201000
-0.956566 0.387387 -0.818182 -0.601010 -0.039545 0.279709
-0.939394 0.387387 -0.818182 -0.601010 -0.039545 0.331827
-0.919192 0.387387 -0.818182 -0.601010 -0.039545 0.303640
-0.893939 0.387387 -0.818182 -0.601010 -0.039545 0.242481
-0.858586 0.387387 -0.818182 -0.601010 -0.039545 0.141436
-0.818182 0.387387 -0.818182 -0.601010 -0.039545 0.066982
-0.767677 0.387387 -0.818182 -0.601010 -0.039545 0.012205
-0.702020 0.387387 -0.818182 -0.601010 -0.039545 -0.088840
-0.515152 0.387387 -0.818182 -0.601010 -0.039545 -0.411120
-0.383838 0.387387 -0.818182 -0.601010 -0.039545 -0.665860
-1.000000 0.387387 -0.818182 -1.000000 -0.014515 -0.117452
-0.994949 0.387387 -0.818182 -1.000000 -0.014515 -0.050975
-0.988384 0.387387 -0.818182 -1.000000 -0.014515 0.035180
-0.979798 0.387387 -0.818182 -1.000000 -0.014515 0.080916
-0.969697 0.387387 -0.818182 -1.000000 -0.014515 0.080384
-0.956566 0.387387 -0.818182 -1.000000 -0.014515 0.133034
-0.939394 0.387387 -0.818182 -1.000000 -0.014515 0.179302
-0.919192 0.387387 -0.818182 -1.000000 -0.014515 0.124525
-0.893939 0.387387 -0.818182 -1.000000 -0.014515 0.056984
-0.858586 0.387387 -0.818182 -1.000000 -0.014515 -0.037147
-0.818182 0.387387 -0.818182 -1.000000 -0.014515 -0.071715
-0.767677 0.387387 -0.818182 -1.000000 -0.014515 -0.119047
-0.616162 0.387387 -0.818182 -1.000000 -0.014515 -0.348260
-0.515152 0.387387 -0.818182 -1.000000 -0.014515 -0.522695
-0.383838 0.387387 -0.818182 -1.000000 -0.014515 -0.744462
-1.000000 0.774775 -0.818182 1.000000 0.162455 -0.222219
-0.994949 0.774775 -0.818182 1.000000 0.162455 -0.163188
-0.988384 0.774775 -0.818182 1.000000 0.162455 -0.050443
-0.979798 0.774775 -0.818182 1.000000 0.162455 0.089425
-0.969697 0.774775 -0.818182 1.000000 0.162455 0.255883
-0.956566 0.774775 -0.818182 1.000000 0.162455 0.328742
-0.939394 0.774775 -0.818182 1.000000 0.162455 0.126120
-0.919192 0.774775 -0.818182 1.000000 0.162455 -0.015875
-0.893939 0.774775 -0.818182 1.000000 0.162455 -0.037147
-0.858586 0.774775 -0.818182 1.000000 0.162455 -0.085543
-0.818182 0.774775 -0.818182 1.000000 0.162455 -0.113197
-0.767677 0.774775 -0.818182 1.000000 0.162455 -0.202010
-0.702020 0.774775 -0.818182 1.000000 0.162455 -0.316882
-0.616162 0.774775 -0.818182 1.000000 0.162455 -0.486000
-1.000000 0.774775 -0.818182 -0.601010 0.244027 0.201585
-0.994949 0.774775 -0.818182 -0.601010 0.244027 0.268062
-0.979798 0.774775 -0.818182 -0.601010 0.244027 0.448347
-0.969697 0.774775 -0.818182 -0.601010 0.244027 0.332943
-0.956566 0.774775 -0.818182 -0.601010 0.244027 -0.098891
-0.939394 0.774775 -0.818182 -0.601010 0.244027 -0.160050
-0.919192 0.774775 -0.818182 -0.601010 0.244027 -0.174409
-0.858586 0.774775 -0.818182 -0.601010 0.244027 -0.243545
-0.818182 0.774775 -0.818182 -0.601010 0.244027 -0.237163
-0.767677 0.774775 -0.818182 -0.601010 0.244027 -0.319063
-0.616162 0.774775 -0.818182 -0.601010 0.244027 -0.717925
-0.767677 -1.000000 -1.000000 1.000000 -1.000000 0.612838
-0.616162 -1.000000 -1.000000 1.000000 -1.000000 0.870769
-0.383838 -1.000000 -1.000000 1.000000 -1.000000 0.680910
-0.212121 -1.000000 -1.000000 1.000000 -1.000000 0.408621
0.242424 -1.000000 -1.000000 1.000000 -1.000000 0.586247
0.595960 -1.000000 -1.000000 1.000000 -1.000000 0.441062
1.000000 -1.000000 -1.000000 1.000000 -1.000000 0.054963
-0.818182 -1.000000 -1.000000 0.202020 -0.999621 0.289281
-0.767677 -1.000000 -1.000000 0.202020 -0.999621 0.419576
-0.702020 -1.000000 -1.000000 0.202020 -0.999621 0.442444
-0.515152 -1.000000 -1.000000 0.202020 -0.999621 0.724307
-0.383838 -1.000000 -1.000000 0.202020 -0.999621 0.740261
-0.212121 -1.000000 -1.000000 0.202020 -0.999621 0.743452
-0.010101 -1.000000 -1.000000 0.202020 -0.999621 0.658361
0.242424 -1.000000 -1.000000 0.202020 -0.999621 0.492967
0.595960 -1.000000 -1.000000 0.202020 -0.999621 0.186109
1.000000 -1.000000 -1.000000 0.202020 -0.999621 -0.013322
-0.858586 -1.000000 -1.000000 -0.601010 -0.999069 0.104901
-0.818182 -1.000000 -1.000000 -0.601010 -0.999069 0.417077
-0.767677 -1.000000 -1.000000 -0.601010 -0.999069 0.513335
-0.702020 -1.000000 -1.000000 -0.601010 -0.999069 0.589917
-0.616162 -1.000000 -1.000000 -0.601010 -0.999069 0.700003
-0.515152 -1.000000 -1.000000 -0.601010 -0.999069 0.763289
-0.383838 -1.000000 -1.000000 -0.601010 -0.999069 0.778711
-0.212121 -1.000000 -1.000000 -0.601010 -0.999069 0.727657
-0.010101 -1.000000 -1.000000 -0.601010 -0.999069 0.595235
0.242424 -1.000000 -1.000000 -0.601010 -0.999069 0.368681
0.595960 -1.000000 -1.000000 -0.601010 -0.999069 0.149041
-0.919192 -1.000000 -1.000000 -1.000000 -0.998690 0.156540
-0.893939 -1.000000 -1.000000 -1.000000 -0.998690 0.306512
-0.858586 -1.000000 -1.000000 -1.000000 -0.998690 0.376712
-0.818182 -1.000000 -1.000000 -1.000000 -0.998690 0.452761
-0.767677 -1.000000 -1.000000 -1.000000 -0.998690 0.569761
-0.702020 -1.000000 -1.000000 -1.000000 -0.998690 0.693674
-0.616162 -1.000000 -1.000000 -1.000000 -0.998690 0.790465
-0.515152 -1.000000 -1.000000 -1.000000 -0.998690 0.873428
-0.383838 -1.000000 -1.000000 -1.000000 -0.998690 0.869705
-0.212121 -1.000000 -1.000000 -1.000000 -0.998690 0.798974
-0.010101 -1.000000 -1.000000 -1.000000 -0.998690 0.640492
0.242424 -1.000000 -1.000000 -1.000000 -0.998690 0.361289
0.595960 -1.000000 -1.000000 -1.000000 -0.998690 0.183131
-0.767677 -0.567568 -1.000000 1.000000 -0.984554 0.459728
-0.702020 -0.567568 -1.000000 1.000000 -0.984554 0.595341
-0.515152 -0.567568 -1.000000 1.000000 -0.984554 0.706491
-0.383838 -0.567568 -1.000000 1.000000 -0.984554 0.654905
-0.212121 -0.567568 -1.000000 1.000000 -0.984554 0.496424
-0.010101 -0.567568 -1.000000 1.000000 -0.984554 0.277315
0.242424 -0.567568 -1.000000 1.000000 -0.984554 0.292738
0.595960 -0.567568 -1.000000 1.000000 -0.984554 0.107666
1.000000 -0.567568 -1.000000 1.000000 -0.984554 -0.131651
-0.858586 -0.567568 -1.000000 0.202020 -0.983727 -0.037732
-0.818182 -0.567568 -1.000000 0.202020 -0.983727 0.152658
-0.702020 -0.567568 -1.000000 0.202020 -0.983727 0.540883
-0.616162 -0.567568 -1.000000 0.202020 -0.983727 0.624378
-0.515152 -0.567568 -1.000000 0.202020 -0.983727 0.707342
-0.010101 -0.567568 -1.000000 0.202020 -0.983727 0.253171
0.242424 -0.567568 -1.000000 0.202020 -0.983727 0.154785
0.595960 -0.567568 -1.000000 0.202020 -0.983727 0.117558
1.000000 -0.567568 -1.000000 0.202020 -0.983727 -0.047837
-0.969697 -0.567568 -1.000000 -0.601010 -0.982555 -0.309384
-0.956566 -0.567568 -1.000000 -0.601010 -0.982555 -0.185471
-0.893939 -0.567568 -1.000000 -0.601010 -0.982555 0.151169
-0.858586 -0.567568 -1.000000 -0.601010 -0.982555 0.201159
-0.818182 -0.567568 -1.000000 -0.601010 -0.982555 0.358045
-0.767677 -0.567568 -1.000000 -0.601010 -0.982555 0.481426
-0.702020 -0.567568 -1.000000 -0.601010 -0.982555 0.598426
-0.616162 -0.567568 -1.000000 -0.601010 -0.982555 0.681389
-0.515152 -0.567568 -1.000000 -0.601010 -0.982555 0.704257
-0.383838 -0.567568 -1.000000 -0.601010 -0.982555 0.646289
-0.212121 -0.567568 -1.000000 -0.601010 -0.982555 0.487276
-0.010101 -0.567568 -1.000000 -0.601010 -0.982555 0.206478
-0.969697 -0.567568 -1.000000 -1.000000 -0.981727 -0.322041
-0.956566 -0.567568 -1.000000 -1.000000 -0.981727 -0.111974
-0.939394 -0.567568 -1.000000 -1.000000 -0.981727 0.024703
-0.919192 -0.567568 -1.000000 -1.000000 -0.981727 0.168293
-0.858586 -0.567568 -1.000000 -1.000000 -0.981727 0.347515
-0.767677 -0.567568 -1.000000 -1.000000 -0.981727 0.553328
-0.616162 -0.567568 -1.000000 -1.000000 -0.981727 0.699045
-0.515152 -0.567568 -1.000000 -1.000000 -0.981727 0.694791
-0.383838 -0.567568 -1.000000 -1.000000 -0.981727 0.569814
-0.212121 -0.567568 -1.000000 -1.000000 -0.981727 0.256575
-0.956566 -0.144144 -1.000000 1.000000 -0.868781 0.188396
-0.939394 -0.144144 -1.000000 1.000000 -0.868781 0.267105
-0.919192 -0.144144 -1.000000 1.000000 -0.868781 0.392081
-0.858586 -0.144144 -1.000000 1.000000 -0.868781 0.615444
-0.818182 -0.144144 -1.000000 1.000000 -0.868781 0.680325
-0.767677 -0.144144 -1.000000 1.000000 -0.868781 0.732443
-0.702020 -0.144144 -1.000000 1.000000 -0.868781 0.743612
-0.616162 -0.144144 -1.000000 1.000000 -0.868781 0.640971
-0.515152 -0.144144 -1.000000 1.000000 -0.868781 0.478767
-0.383838 -0.144144 -1.000000 1.000000 -0.868781 0.269232
-0.979798 -0.144144 -1.000000 0.202020 -0.864610 -0.065493
-0.969697 -0.144144 -1.000000 0.202020 -0.864610 0.047784
-0.956566 -0.144144 -1.000000 0.202020 -0.864610 0.173824
-0.939394 -0.144144 -1.000000 0.202020 -0.864610 0.313692
-0.919192 -0.144144 -1.000000 0.202020 -0.864610 0.433350
-0.893939 -0.144144 -1.000000 0.202020 -0.864610 0.532800
-0.858586 -0.144144 -1.000000 0.202020 -0.864610 0.578536
-0.818182 -0.144144 -1.000000 0.202020 -0.864610 0.631186
-0.767677 -0.144144 -1.000000 0.202020 -0.864610 0.636504
-0.702020 -0.144144 -1.000000 0.202020 -0.864610 0.588640
-0.616162 -0.144144 -1.000000 0.202020 -0.864610 0.499827
-0.515152 -0.144144 -1.000000 0.202020 -0.864610 0.331242
-0.383838 -0.144144 -1.000000 0.202020 -0.864610 0.108411
-1.000000 -0.144144 -1.000000 -0.601010 -0.858748 -0.324913
-0.994949 -0.144144 -1.000000 -0.601010 -0.858748 -0.279709
-0.988384 -0.144144 -1.000000 -0.601010 -0.858748 -0.153668
-0.979798 -0.144144 -1.000000 -0.601010 -0.858748 -0.054750
-0.969697 -0.144144 -1.000000 -0.601010 -0.858748 0.090967
-0.956566 -0.144144 -1.000000 -0.601010 -0.858748 0.230303
-0.939394 -0.144144 -1.000000 -0.601010 -0.858748 0.363257
-0.919192 -0.144144 -1.000000 -0.601010 -0.858748 0.435584
-0.893939 -0.144144 -1.000000 -0.601010 -0.858748 0.466961
-0.858586 -0.144144 -1.000000 -0.601010 -0.858748 0.478661
-0.767677 -0.144144 -1.000000 -0.601010 -0.858748 0.481320
-0.702020 -0.144144 -1.000000 -0.601010 -0.858748 0.412184
-0.616162 -0.144144 -1.000000 -0.601010 -0.858748 0.302098
-0.515152 -0.144144 -1.000000 -0.601010 -0.858748 0.152126
-0.383838 -0.144144 -1.000000 -0.601010 -0.858748 -0.098891
-1.000000 -0.144144 -1.000000 -1.000000 -0.854749 -0.161539
-0.994949 -0.144144 -1.000000 -1.000000 -0.854749 -0.108889
-0.988384 -0.144144 -1.000000 -1.000000 -0.854749 0.030978
-0.969697 -0.144144 -1.000000 -1.000000 -0.854749 0.250086
-0.956566 -0.144144 -1.000000 -1.000000 -0.854749 0.362831
-0.919192 -0.144144 -1.000000 -1.000000 -0.854749 0.487276
-0.893939 -0.144144 -1.000000 -1.000000 -0.854749 0.492594
-0.858586 -0.144144 -1.000000 -1.000000 -0.854749 0.470790
-0.818182 -0.144144 -1.000000 -1.000000 -0.854749 0.442072
-0.767677 -0.144144 -1.000000 -1.000000 -0.854749 0.420268
-0.702020 -0.144144 -1.000000 -1.000000 -0.854749 0.337836
-0.383838 -0.144144 -1.000000 -1.000000 -0.854749 -0.077512
-0.994949 0.144144 -1.000000 1.000000 -0.593863 -0.132183
-0.988384 0.144144 -1.000000 1.000000 -0.593863 0.040126
-0.979798 0.144144 -1.000000 1.000000 -0.593863 0.152339
-0.956566 0.144144 -1.000000 1.000000 -0.593863 0.356024
-0.939394 0.144144 -1.000000 1.000000 -0.593863 0.434201
-0.919192 0.144144 -1.000000 1.000000 -0.593863 0.505996
-0.893939 0.144144 -1.000000 1.000000 -0.593863 0.577791
-0.818182 0.144144 -1.000000 1.000000 -0.593863 0.640546
-0.767677 0.144144 -1.000000 1.000000 -0.593863 0.631505
-0.702020 0.144144 -1.000000 1.000000 -0.593863 0.615550
-0.616162 0.144144 -1.000000 1.000000 -0.593863 0.511846
-0.515152 0.144144 -1.000000 1.000000 -0.593863 0.361342
-0.383838 0.144144 -1.000000 1.000000 -0.593863 0.170952
-0.212121 0.144144 -1.000000 1.000000 -0.593863 -0.087510
-0.010101 0.144144 -1.000000 1.000000 -0.593863 -0.412982
-0.994949 0.144144 -1.000000 -0.601010 -0.564765 -0.033850
-0.988384 0.144144 -1.000000 -0.601010 -0.564765 0.071981
-0.979798 0.144144 -1.000000 -0.601010 -0.564765 0.177813
-0.969697 0.144144 -1.000000 -0.601010 -0.564765 0.262903
-0.956566 0.144144 -1.000000 -0.601010 -0.564765 0.355439
-0.939394 0.144144 -1.000000 -0.601010 -0.564765 0.427234
-0.919192 0.144144 -1.000000 -0.601010 -0.564765 0.466057
-0.893939 0.144144 -1.000000 -0.601010 -0.564765 0.457016
-0.858586 0.144144 -1.000000 -0.601010 -0.564765 0.414471
-0.767677 0.144144 -1.000000 -0.601010 -0.564765 0.363948
-0.616162 0.144144 -1.000000 -0.601010 -0.564765 0.231526
-0.383838 0.144144 -1.000000 -0.601010 -0.564765 0.052836
-0.212121 0.144144 -1.000000 -0.601010 -0.564765 -0.083841
-0.010101 0.144144 -1.000000 -0.601010 -0.564765 -0.327944
-1.000000 0.567568 -1.000000 1.000000 -0.458611 -0.514665
-0.994949 0.567568 -1.000000 1.000000 -0.458611 -0.446061
-0.988384 0.567568 -1.000000 1.000000 -0.458611 -0.337038
-0.979798 0.567568 -1.000000 1.000000 -0.458611 -0.254607
-0.969697 0.567568 -1.000000 1.000000 -0.458611 -0.126439
-0.956566 0.567568 -1.000000 1.000000 -0.458611 0.022469
-0.939394 0.567568 -1.000000 1.000000 -0.458611 0.111282
-0.919192 0.567568 -1.000000 1.000000 -0.458611 0.193182
-0.893939 0.567568 -1.000000 1.000000 -0.458611 0.221900
-0.858586 0.567568 -1.000000 1.000000 -0.458611 0.224559
-0.818182 0.567568 -1.000000 1.000000 -0.458611 0.246896
-0.767677 0.567568 -1.000000 1.000000 -0.458611 0.242641
-0.702020 0.567568 -1.000000 1.000000 -0.458611 0.231473
-0.616162 0.567568 -1.000000 1.000000 -0.458611 0.180950
-0.515152 0.567568 -1.000000 1.000000 -0.458611 0.050124
-0.212121 0.567568 -1.000000 1.000000 -0.458611 -0.357247
-1.000000 0.567568 -1.000000 0.202020 -0.442510 -0.650544
-0.994949 0.567568 -1.000000 0.202020 -0.442510 -0.621826
-0.988384 0.567568 -1.000000 0.202020 -0.442510 -0.546308
-0.979798 0.567568 -1.000000 0.202020 -0.442510 -0.357513
-0.969697 0.567568 -1.000000 0.202020 -0.442510 -0.136278
-0.939394 0.567568 -1.000000 0.202020 -0.442510 0.048262
-0.919192 0.567568 -1.000000 0.202020 -0.442510 0.203021
-0.893939 0.567568 -1.000000 0.202020 -0.442510 0.378520
-0.858586 0.567568 -1.000000 0.202020 -0.442510 0.228016
-0.818182 0.567568 -1.000000 0.202020 -0.442510 0.163666
-0.767677 0.567568 -1.000000 0.202020 -0.442510 0.146116
-0.702020 0.567568 -1.000000 0.202020 -0.442510 0.101976
-0.515152 0.567568 -1.000000 0.202020 -0.442510 -0.172441
-0.383838 0.567568 -1.000000 0.202020 -0.442510 -0.389422
-1.000000 0.567568 -1.000000 -0.601010 -0.420100 -0.432872
-0.979798 0.567568 -1.000000 -0.601010 -0.420100 -0.358417
-0.969697 0.567568 -1.000000 -0.601010 -0.420100 -0.248331
-0.956566 0.567568 -1.000000 -0.601010 -0.420100 0.123940
-0.939394 0.567568 -1.000000 -0.601010 -0.420100 0.698833
-0.919192 0.567568 -1.000000 -0.601010 -0.420100 0.855718
-0.893939 0.567568 -1.000000 -0.601010 -0.420100 0.488234
-0.858586 0.567568 -1.000000 -0.601010 -0.420100 0.288803
-0.818182 0.567568 -1.000000 -0.601010 -0.420100 0.237216
-0.767677 0.567568 -1.000000 -0.601010 -0.420100 0.104794
-0.702020 0.567568 -1.000000 -0.601010 -0.420100 0.073417
-0.616162 0.567568 -1.000000 -0.601010 -0.420100 0.028745
-0.515152 0.567568 -1.000000 -0.601010 -0.420100 -0.123887
-1.000000 0.567568 -1.000000 -1.000000 -0.404861 -0.321084
-0.994949 0.567568 -1.000000 -1.000000 -0.404861 -0.278007
-0.988384 0.567568 -1.000000 -1.000000 -0.404861 -0.200362
-0.979798 0.567568 -1.000000 -1.000000 -0.404861 -0.075385
-0.969697 0.567568 -1.000000 -1.000000 -0.404861 0.292100
-0.956566 0.567568 -1.000000 -1.000000 -0.404861 0.781902
-0.939394 0.567568 -1.000000 -1.000000 -0.404861 0.906347
-0.919192 0.567568 -1.000000 -1.000000 -0.404861 0.511208
-0.893939 0.567568 -1.000000 -1.000000 -0.404861 0.325604
-0.858586 0.567568 -1.000000 -1.000000 -0.404861 0.247959
-0.818182 0.567568 -1.000000 -1.000000 -0.404861 0.115537
-0.767677 0.567568 -1.000000 -1.000000 -0.404861 0.105432
-0.702020 0.567568 -1.000000 -1.000000 -0.404861 0.068205
-0.616162 0.567568 -1.000000 -1.000000 -0.404861 -0.009972
-0.515152 0.567568 -1.000000 -1.000000 -0.404861 -0.222698
-0.988384 1.000000 -1.000000 1.000000 -0.275401 -0.336453
-0.979798 1.000000 -1.000000 1.000000 -0.275401 -0.226367
-0.969697 1.000000 -1.000000 1.000000 -0.275401 -0.224240
-0.956566 1.000000 -1.000000 1.000000 -0.275401 -0.081182
-0.939394 1.000000 -1.000000 1.000000 -0.275401 0.055495
-0.919192 1.000000 -1.000000 1.000000 -0.275401 0.641556
-0.893939 1.000000 -1.000000 1.000000 -0.275401 1.000000
-0.858586 1.000000 -1.000000 1.000000 -0.275401 0.512325
-0.818182 1.000000 -1.000000 1.000000 -0.275401 0.266626
-0.767677 1.000000 -1.000000 1.000000 -0.275401 0.208126
-0.702020 1.000000 -1.000000 1.000000 -0.275401 0.103358
-0.616162 1.000000 -1.000000 1.000000 -0.275401 0.092190
-0.515152 1.000000 -1.000000 1.000000 -0.275401 0.188449
-0.383838 1.000000 -1.000000 1.000000 -0.275401 0.050177
-0.212121 1.000000 -1.000000 1.000000 -0.275401 -0.028000
-1.000000 1.000000 -1.000000 -0.601010 -0.224203 -0.325338
-0.994949 1.000000 -1.000000 -0.601010 -0.224203 -0.255139
-0.979798 1.000000 -1.000000 -0.601010 -0.224203 0.065546
-0.969697 1.000000 -1.000000 -0.601010 -0.224203 0.403781
-0.939394 1.000000 -1.000000 -0.601010 -0.224203 0.792007
-0.919192 1.000000 -1.000000 -0.601010 -0.224203 0.331454
-0.893939 1.000000 -1.000000 -0.601010 -0.224203 0.226687
-0.858586 1.000000 -1.000000 -0.601010 -0.224203 0.001728
-0.818182 1.000000 -1.000000 -0.601010 -0.224203 -0.049326
-0.767677 1.000000 -1.000000 -0.601010 -0.224203 -0.046667
-0.702020 1.000000 -1.000000 -0.601010 -0.224203 -0.070599
-0.616162 1.000000 -1.000000 -0.601010 -0.224203 -0.134948
-0.515152 1.000000 -1.000000 -0.601010 -0.224203 -0.179089
-0.956566 -1.000000 -0.454545 1.000000 -0.972074 0.104848
-0.939394 -1.000000 -0.454545 1.000000 -0.972074 0.245779
-0.919192 -1.000000 -0.454545 1.000000 -0.972074 0.353206
-0.893939 -1.000000 -0.454545 1.000000 -0.972074 0.433510
-0.858586 -1.000000 -0.454545 1.000000 -0.972074 0.507432
-0.818182 -1.000000 -0.454545 1.000000 -0.972074 0.527109
-0.767677 -1.000000 -0.454545 1.000000 -0.972074 0.553700
-0.702020 -1.000000 -0.454545 1.000000 -0.972074 0.519664
-0.616162 -1.000000 -0.454545 1.000000 -0.972074 0.465419
-0.515152 -1.000000 -0.454545 1.000000 -0.972074 0.457973
-0.212121 -1.000000 -0.454545 1.000000 -0.972074 0.174515
-0.010101 -1.000000 -0.454545 1.000000 -0.972074 0.059643
0.242424 -1.000000 -0.454545 1.000000 -0.972074 -0.149360
-0.939394 -1.000000 -0.454545 0.202020 -0.968316 0.305076
-0.919192 -1.000000 -0.454545 0.202020 -0.968316 0.405058
-0.893939 -1.000000 -0.454545 0.202020 -0.968316 0.491744
-0.858586 -1.000000 -0.454545 0.202020 -0.968316 0.524716
-0.818182 -1.000000 -0.454545 0.202020 -0.968316 0.550775
-0.767677 -1.000000 -0.454545 0.202020 -0.968316 0.577366
-0.702020 -1.000000 -0.454545 0.202020 -0.968316 0.510357
-0.616162 -1.000000 -0.454545 0.202020 -0.968316 0.389103
-0.515152 -1.000000 -0.454545 0.202020 -0.968316 0.328476
-0.383838 -1.000000 -0.454545 0.202020 -0.968316 0.294972
-0.212121 -1.000000 -0.454545 0.202020 -0.968316 0.120536
-0.010101 -1.000000 -0.454545 0.202020 -0.968316 -0.013482
0.242424 -1.000000 -0.454545 0.202020 -0.968316 -0.120908
-0.956566 -1.000000 -0.454545 -0.601010 -0.963386 0.171112
-0.939394 -1.000000 -0.454545 -0.601010 -0.963386 0.330657
-0.919192 -1.000000 -0.454545 -0.601010 -0.963386 0.457229
-0.893939 -1.000000 -0.454545 -0.601010 -0.963386 0.536469
-0.858586 -1.000000 -0.454545 -0.601010 -0.963386 0.589119
-0.818182 -1.000000 -0.454545 -0.601010 -0.963386 0.588587
-0.767677 -1.000000 -0.454545 -0.601010 -0.963386 0.554551
-0.702020 -1.000000 -0.454545 -0.601010 -0.963386 0.466801
-0.616162 -1.000000 -0.454545 -0.601010 -0.963386 0.298748
-0.383838 -1.000000 -0.454545 -0.601010 -0.963386 0.183344
-0.212121 -1.000000 -0.454545 -0.601010 -0.963386 0.008376
-0.010101 -1.000000 -0.454545 -0.601010 -0.963386 -0.139469
-0.956566 -1.000000 -0.454545 -1.000000 -0.962076 0.224932
-0.939394 -1.000000 -0.454545 -1.000000 -0.962076 0.365331
-0.893939 -1.000000 -0.454545 -1.000000 -0.962076 0.578589
-0.858586 -1.000000 -0.454545 -1.000000 -0.962076 0.604648
-0.818182 -1.000000 -0.454545 -1.000000 -0.962076 0.583375
-0.767677 -1.000000 -0.454545 -1.000000 -0.962076 0.522217
-0.702020 -1.000000 -0.454545 -1.000000 -0.962076 0.414258
-0.616162 -1.000000 -0.454545 -1.000000 -0.962076 0.252586
-0.515152 -1.000000 -0.454545 -1.000000 -0.962076 0.117505
-0.383838 -1.000000 -0.454545 -1.000000 -0.962076 0.110059
-0.212121 -1.000000 -0.454545 -1.000000 -0.962076 -0.105858
-0.010101 -1.000000 -0.454545 -1.000000 -0.962076 -0.334539
-0.939394 -0.702703 -0.454545 1.000000 -0.943906 0.472811
-0.919192 -0.702703 -0.454545 1.000000 -0.943906 0.491956
-0.893939 -0.702703 -0.454545 1.000000 -0.943906 0.538224
-0.858586 -0.702703 -0.454545 1.000000 -0.943906 0.610551
-0.818182 -0.702703 -0.454545 1.000000 -0.943906 0.630228
-0.767677 -0.702703 -0.454545 1.000000 -0.943906 0.622783
-0.702020 -0.702703 -0.454545 1.000000 -0.943906 0.528120
-0.616162 -0.702703 -0.454545 1.000000 -0.943906 0.346771
-0.515152 -0.702703 -0.454545 1.000000 -0.943906 0.259021
-0.383838 -0.702703 -0.454545 1.000000 -0.943906 0.144681
-0.212121 -0.702703 -0.454545 1.000000 -0.943906 -0.050496
-0.010101 -0.702703 -0.454545 1.000000 -0.943906 -0.291940
-0.956566 -0.702703 -0.454545 0.202020 -0.937597 0.234823
-0.939394 -0.702703 -0.454545 0.202020 -0.937597 0.368841
-0.919192 -0.702703 -0.454545 0.202020 -0.937597 0.475736
-0.893939 -0.702703 -0.454545 0.202020 -0.937597 0.562954
-0.858586 -0.702703 -0.454545 0.202020 -0.937597 0.609754
-0.818182 -0.702703 -0.454545 0.202020 -0.937597 0.609754
-0.767677 -0.702703 -0.454545 0.202020 -0.937597 0.569335
-0.702020 -0.702703 -0.454545 0.202020 -0.937597 0.449145
-0.616162 -0.702703 -0.454545 0.202020 -0.937597 0.268328
-0.515152 -0.702703 -0.454545 0.202020 -0.937597 0.141224
-0.383838 -0.702703 -0.454545 0.202020 -0.937597 0.088042
-0.212121 -0.702703 -0.454545 0.202020 -0.937597 -0.085862
-0.956566 -0.702703 -0.454545 -0.601010 -0.929323 0.269498
-0.939394 -0.702703 -0.454545 -0.601010 -0.929323 0.415215
-0.919192 -0.702703 -0.454545 -0.601010 -0.929323 0.520515
-0.893939 -0.702703 -0.454545 -0.601010 -0.929323 0.586460
-0.858586 -0.702703 -0.454545 -0.601010 -0.929323 0.579015
-0.818182 -0.702703 -0.454545 -0.601010 -0.929323 0.538065
-0.767677 -0.702703 -0.454545 -0.601010 -0.929323 0.457761
-0.702020 -0.702703 -0.454545 -0.601010 -0.929323 0.330657
-0.616162 -0.702703 -0.454545 -0.601010 -0.929323 0.143457
-0.515152 -0.702703 -0.454545 -0.601010 -0.929323 0.009972
-0.383838 -0.702703 -0.454545 -0.601010 -0.929323 -0.070864
-0.212121 -0.702703 -0.454545 -0.601010 -0.929323 -0.217646
-0.010101 -0.702703 -0.454545 -0.601010 -0.929323 -0.364959
-0.956566 -0.702703 -0.454545 -1.000000 -0.927150 0.359960
-0.939394 -0.702703 -0.454545 -1.000000 -0.927150 0.488127
-0.919192 -0.702703 -0.454545 -1.000000 -0.927150 0.575877
-0.893939 -0.702703 -0.454545 -1.000000 -0.927150 0.629590
-0.858586 -0.702703 -0.454545 -1.000000 -0.927150 0.596618
-0.818182 -0.702703 -0.454545 -1.000000 -0.927150 0.503018
-0.702020 -0.702703 -0.454545 -1.000000 -0.927150 0.322732
-0.616162 -0.702703 -0.454545 -1.000000 -0.927150 0.141915
-0.515152 -0.702703 -0.454545 -1.000000 -0.927150 -0.005398
-0.383838 -0.702703 -0.454545 -1.000000 -0.927150 -0.078789
-0.212121 -0.702703 -0.454545 -1.000000 -0.927150 -0.252692
-0.956566 -0.396396 -0.454545 1.000000 -0.848923 0.492701
-0.939394 -0.396396 -0.454545 1.000000 -0.848923 0.653841
-0.919192 -0.396396 -0.454545 1.000000 -0.848923 0.775095
-0.893939 -0.396396 -0.454545 1.000000 -0.848923 0.822958
-0.858586 -0.396396 -0.454545 1.000000 -0.848923 0.770841
-0.818182 -0.396396 -0.454545 1.000000 -0.848923 0.658627
-0.767677 -0.396396 -0.454545 1.000000 -0.848923 0.493233
-0.702020 -0.396396 -0.454545 1.000000 -0.848923 0.120962
-0.969697 -0.396396 -0.454545 0.202020 -0.834063 0.380754
-0.919192 -0.396396 -0.454545 0.202020 -0.834063 0.800356
-0.893939 -0.396396 -0.454545 0.202020 -0.834063 0.781743
-0.858586 -0.396396 -0.454545 0.202020 -0.834063 0.609966
-0.818182 -0.396396 -0.454545 0.202020 -0.834063 0.397240
-0.767677 -0.396396 -0.454545 0.202020 -0.834063 0.111123
-0.979798 -0.396396 -0.454545 -0.601010 -0.814515 0.325019
-0.956566 -0.396396 -0.454545 -0.601010 -0.814515 0.594118
-0.939394 -0.396396 -0.454545 -0.601010 -0.814515 0.661659
-0.919192 -0.396396 -0.454545 -0.601010 -0.814515 0.655809
-0.893939 -0.396396 -0.454545 -0.601010 -0.814515 0.543064
-0.818182 -0.396396 -0.454545 -0.601010 -0.814515 0.002739
-0.988384 -0.396396 -0.454545 -1.000000 -0.809412 0.217114
-0.979798 -0.396396 -0.454545 -1.000000 -0.809412 0.325072
-0.969697 -0.396396 -0.454545 -1.000000 -0.809412 0.426649
-0.956566 -0.396396 -0.454545 -1.000000 -0.809412 0.528226
-0.939394 -0.396396 -0.454545 -1.000000 -0.809412 0.569176
-0.919192 -0.396396 -0.454545 -1.000000 -0.809412 0.502699
-0.893939 -0.396396 -0.454545 -1.000000 -0.809412 0.376127
-0.858586 -0.396396 -0.454545 -1.000000 -0.809412 0.115005
-0.818182 -0.396396 -0.454545 -1.000000 -0.809412 -0.092403
-1.000000 -0.198198 -0.454545 1.000000 -0.658404 0.601989
-0.994949 -0.198198 -0.454545 1.000000 -0.658404 0.656766
-0.988384 -0.198198 -0.454545 1.000000 -0.658404 0.765788
-0.979798 -0.198198 -0.454545 1.000000 -0.658404 0.847688
-0.969697 -0.198198 -0.454545 1.000000 -0.658404 0.868961
-0.956566 -0.198198 -0.454545 1.000000 -0.658404 0.863642
-0.939394 -0.198198 -0.454545 1.000000 -0.658404 0.831202
-0.919192 -0.198198 -0.454545 1.000000 -0.658404 0.704629
-0.893939 -0.198198 -0.454545 1.000000 -0.658404 0.564230
-0.858586 -0.198198 -0.454545 1.000000 -0.658404 0.349908
-0.767677 -0.198198 -0.454545 1.000000 -0.658404 0.076555
-0.702020 -0.198198 -0.454545 1.000000 -0.658404 0.057410
-0.616162 -0.198198 -0.454545 1.000000 -0.658404 -0.103199
-1.000000 -0.198198 -0.454545 -0.601010 -0.584244 0.597575
-0.994949 -0.198198 -0.454545 -0.601010 -0.584244 0.646502
-0.988384 -0.198198 -0.454545 -0.601010 -0.584244 0.701811
-0.979798 -0.198198 -0.454545 -0.601010 -0.584244 0.710320
-0.969697 -0.198198 -0.454545 -0.601010 -0.584244 0.617252
-0.919192 -0.198198 -0.454545 -0.601010 -0.584244 0.393358
-0.893939 -0.198198 -0.454545 -0.601010 -0.584244 0.293908
-0.858586 -0.198198 -0.454545 -0.601010 -0.584244 0.087032
-0.818182 -0.198198 -0.454545 -0.601010 -0.584244 -0.167176
-0.767677 -0.198198 -0.454545 -0.601010 -0.584244 -0.159199
-0.616162 -0.198198 -0.454545 -0.601010 -0.584244 -0.317148
-0.515152 -0.198198 -0.454545 -0.601010 -0.584244 -0.484139
-0.383838 -0.198198 -0.454545 -0.601010 -0.584244 -0.482543
-1.000000 0.108108 -0.454545 1.000000 0.150767 0.446965
-0.994949 0.108108 -0.454545 1.000000 0.150767 0.499083
-0.988384 0.108108 -0.454545 1.000000 0.150767 0.791581
-0.979798 0.108108 -0.454545 1.000000 0.150767 0.917090
-0.969697 0.108108 -0.454545 1.000000 0.150767 0.955912
-0.956566 0.108108 -0.454545 1.000000 0.150767 0.701173
-0.939394 0.108108 -0.454545 1.000000 0.150767 0.273061
-0.893939 0.108108 -0.454545 1.000000 0.150767 0.237429
-0.858586 0.108108 -0.454545 1.000000 0.150767 0.136384
-0.818182 0.108108 -0.454545 1.000000 0.150767 0.001835
-0.767677 0.108108 -0.454545 1.000000 0.150767 -0.046029
-0.702020 0.108108 -0.454545 1.000000 0.150767 -0.073683
-0.616162 0.108108 -0.454545 1.000000 0.150767 -0.221528
-0.515152 0.108108 -0.454545 1.000000 0.150767 -0.323105
-0.383838 0.108108 -0.454545 1.000000 0.150767 -0.437445
-1.000000 0.108108 -0.454545 0.202020 0.255715 0.538224
-0.979798 0.108108 -0.454545 0.202020 0.255715 0.756801
-0.969697 0.108108 -0.454545 0.202020 0.255715 0.616401
-0.956566 0.108108 -0.454545 0.202020 0.255715 0.109581
-0.939394 0.108108 -0.454545 0.202020 0.255715 0.155849
-0.919192 0.108108 -0.454545 0.202020 0.255715 0.175526
-0.893939 0.108108 -0.454545 0.202020 0.255715 0.107985
-0.858586 0.108108 -0.454545 0.202020 0.255715 -0.019119
-0.818182 0.108108 -0.454545 0.202020 0.255715 -0.192491
-0.767677 0.108108 -0.454545 0.202020 0.255715 -0.272795
-0.702020 0.108108 -0.454545 0.202020 0.255715 -0.280240
-0.616162 0.108108 -0.454545 0.202020 0.255715 -0.413726
-0.515152 0.108108 -0.454545 0.202020 0.255715 -0.540830
-0.383838 0.108108 -0.454545 0.202020 0.255715 -0.641343
-1.000000 0.108108 -0.454545 -0.601010 0.393760 0.338315
-0.994949 0.108108 -0.454545 -0.601010 0.393760 0.398410
-0.988384 0.108108 -0.454545 -0.601010 0.393760 0.384583
-0.979798 0.108108 -0.454545 -0.601010 0.393760 0.323424
-0.969697 0.108108 -0.454545 -0.601010 0.393760 0.001143
-0.939394 0.108108 -0.454545 -0.601010 0.393760 0.006993
-0.919192 0.108108 -0.454545 -0.601010 0.393760 0.013375
-0.893939 0.108108 -0.454545 -0.601010 0.393760 -0.054165
-0.818182 0.108108 -0.454545 -0.601010 0.393760 -0.430691
-0.767677 0.108108 -0.454545 -0.601010 0.393760 -0.471641
-0.702020 0.108108 -0.454545 -0.601010 0.393760 -0.485468
-0.616162 0.108108 -0.454545 -0.601010 0.393760 -0.599809
-0.383838 0.108108 -0.454545 -0.601010 0.393760 -0.755099
-1.000000 0.108108 -0.454545 -1.000000 0.429926 0.149095
-0.994949 0.108108 -0.454545 -1.000000 0.429926 0.195363
-0.988384 0.108108 -0.454545 -1.000000 0.429926 0.134736
-0.979798 0.108108 -0.454545 -1.000000 0.429926 0.054431
-0.969697 0.108108 -0.454545 -1.000000 0.429926 -0.187013
-0.919192 0.108108 -0.454545 -1.000000 0.429926 -0.127981
-0.893939 0.108108 -0.454545 -1.000000 0.429926 -0.181695
-0.858586 0.108108 -0.454545 -1.000000 0.429926 -0.409844
-0.767677 0.108108 -0.454545 -1.000000 0.429926 -0.631079
-0.616162 0.108108 -0.454545 -1.000000 0.429926 -0.732656
-0.515152 0.108108 -0.454545 -1.000000 0.429926 -0.799665
-0.383838 0.108108 -0.454545 -1.000000 0.429926 -0.793283
-1.000000 0.405405 -0.454545 1.000000 0.493708 0.463451
-0.994949 0.405405 -0.454545 1.000000 0.493708 0.530460
-0.988384 0.405405 -0.454545 1.000000 0.493708 0.618209
-0.979798 0.405405 -0.454545 1.000000 0.493708 0.631505
-0.969697 0.405405 -0.454545 1.000000 0.493708 0.449624
-0.956566 0.405405 -0.454545 1.000000 0.493708 0.005557
-0.939394 0.405405 -0.454545 1.000000 0.493708 0.106602
-0.919192 0.405405 -0.454545 1.000000 0.493708 0.119898
-0.893939 0.405405 -0.454545 1.000000 0.493708 0.052889
-0.858586 0.405405 -0.454545 1.000000 0.493708 -0.034861
-0.818182 0.405405 -0.454545 1.000000 0.493708 -0.122078
-0.767677 0.405405 -0.454545 1.000000 0.493708 -0.169410
-0.702020 0.405405 -0.454545 1.000000 0.493708 -0.303959
-0.616162 0.405405 -0.454545 1.000000 0.493708 -0.472545
-1.000000 0.405405 -0.454545 -0.601010 0.808240 0.070758
-0.994949 0.405405 -0.454545 -0.601010 0.808240 0.130853
-0.988384 0.405405 -0.454545 -0.601010 0.808240 0.030340
-0.979798 0.405405 -0.454545 -0.601010 0.808240 -0.090382
-0.969697 0.405405 -0.454545 -0.601010 0.808240 -0.365863
-0.956566 0.405405 -0.454545 -0.601010 0.808240 -0.218018
-0.939394 0.405405 -0.454545 -0.601010 0.808240 -0.171218
-0.919192 0.405405 -0.454545 -0.601010 0.808240 -0.157391
-0.893939 0.405405 -0.454545 -0.601010 0.808240 -0.211104
-0.858586 0.405405 -0.454545 -0.601010 0.808240 -0.405749
-0.818182 0.405405 -0.454545 -0.601010 0.808240 -0.600394
-0.702020 0.405405 -0.454545 -0.601010 0.808240 -0.687611
-0.616162 0.405405 -0.454545 -0.601010 0.808240 -0.828543
-0.515152 0.405405 -0.454545 -0.601010 0.808240 -0.848752
-0.383838 0.405405 -0.454545 -0.601010 0.808240 -0.956178
-0.616162 -1.000000 1.000000 1.000000 -0.922013 0.046667
0.242424 -1.000000 1.000000 1.000000 -0.922013 -0.528758
-0.939394 -1.000000 1.000000 -0.601010 -0.906913 0.367777
-0.767677 -1.000000 1.000000 -0.601010 -0.906913 -0.041721
-0.515152 -1.000000 1.000000 -0.601010 -0.906913 -0.233706
-0.994949 -1.000000 1.000000 -1.000000 -0.899604 -0.190842
-0.956566 -1.000000 1.000000 -1.000000 -0.899604 0.367565
-0.702020 -1.000000 1.000000 -1.000000 -0.899604 -0.162124
-0.858586 -0.864865 1.000000 1.000000 -0.897742 0.236578
-0.515152 -0.864865 1.000000 1.000000 -0.897742 -0.135693
-0.702020 -0.864865 1.000000 -0.601010 -0.878642 -0.163400
-0.956566 -0.729730 1.000000 1.000000 -0.867057 0.381339
-0.010101 -0.729730 1.000000 1.000000 -0.867057 -0.636025
-0.919192 -0.729730 1.000000 -0.601010 -0.842924 0.325923
-0.767677 -0.639640 1.000000 1.000000 -0.842200 0.084638
-0.919192 -0.639640 1.000000 -0.601010 -0.813998 0.347781
-0.515152 -1.000000 0.454545 0.202020 -0.934770 0.012046
-0.979798 -1.000000 0.454545 -0.601010 -0.926426 0.073470
-0.969697 -1.000000 0.454545 -0.601010 -0.926426 0.213338
-0.956566 -1.000000 0.454545 -1.000000 -0.919910 0.387242
-0.939394 -1.000000 0.454545 -1.000000 -0.919910 0.454251
-0.818182 -1.000000 0.454545 -1.000000 -0.919910 0.067620
-0.515152 -0.819820 0.454545 1.000000 -0.912808 0.033637
-0.818182 -0.819820 0.454545 0.202020 -0.905740 0.129151
-0.767677 -0.819820 0.454545 0.202020 -0.905740 0.089265
-0.702020 -0.819820 0.454545 -0.601010 -0.894329 -0.029596
-0.939394 -0.819820 0.454545 -1.000000 -0.885434 0.432021
-0.616162 -0.819820 0.454545 -1.000000 -0.885434 -0.088095
-0.515152 -0.819820 0.454545 -1.000000 -0.885434 -0.208286
-0.956566 -0.639640 0.454545 1.000000 -0.875711 0.364533
-0.858586 -0.639640 0.454545 1.000000 -0.875711 0.387401
-0.818182 -0.639640 0.454545 1.000000 -0.875711 0.214561
-0.616162 -0.639640 0.454545 0.202020 -0.866058 -0.081341
-0.616162 -0.639640 0.454545 -0.601010 -0.850474 -0.160848
-0.988384 -0.639640 0.454545 -1.000000 -0.838304 0.075810
-0.858586 -0.639640 0.454545 -1.000000 -0.838304 0.161965
-0.383838 -0.522523 0.454545 -0.601010 -0.802034 -0.512803
-0.994949 -0.342342 0.454545 1.000000 -0.653887 0.943149
-0.979798 -0.342342 0.454545 1.000000 -0.653887 0.917622
-0.969697 -0.342342 0.454545 1.000000 -0.653887 0.777222
-0.994949 -0.342342 0.454545 0.202020 -0.628685 0.755205
-0.919192 -0.342342 0.454545 0.202020 -0.628685 0.160103
-0.893939 -0.342342 0.454545 0.202020 -0.628685 0.188289
-0.858586 -0.342342 0.454545 0.202020 -0.628685 0.062249
-0.818182 -0.342342 0.454545 -0.601010 -0.588105 -0.232643
-0.383838 -0.342342 0.454545 -0.601010 -0.588105 -0.603319
-0.702020 -0.342342 0.454545 -1.000000 -0.556421 -0.476215
-0.616162 -1.000000 -0.090909 0.202020 -0.954284 0.268540
-0.616162 -1.000000 -0.090909 -1.000000 -0.941631 0.086340
-0.702020 -0.756757 -0.090909 1.000000 -0.929736 0.259021
-0.515152 -0.756757 -0.090909 1.000000 -0.929736 0.115962
-0.969697 -0.513514 -0.090909 1.000000 -0.875504 0.218443
-0.818182 -0.513514 -0.090909 1.000000 -0.875504 0.474779
-0.616162 -0.513514 -0.090909 1.000000 -0.875504 -0.040019
-0.858586 -0.513514 -0.090909 0.202020 -0.864437 0.445848
-0.616162 -0.513514 -0.090909 0.202020 -0.864437 -0.130109
-0.212121 -0.513514 -0.090909 0.202020 -0.864437 -0.385912
-0.939394 -0.513514 -0.090909 -0.601010 -0.846613 0.562316
-0.515152 -0.513514 -0.090909 -0.601010 -0.846613 -0.273699
-0.858586 -0.351351 -0.090909 1.000000 -0.754560 0.463185
-0.616162 -0.351351 -0.090909 1.000000 -0.754560 -0.151062
-0.994949 -0.351351 -0.090909 -0.601010 -0.700362 0.282102
-0.858586 -0.108108 -0.090909 0.202020 -0.295190 -0.122770
-0.383838 -0.108108 -0.090909 0.202020 -0.295190 -0.618422
-0.939394 -0.108108 -0.090909 -1.000000 -0.142320 0.178451
-0.767677 0.135135 -0.090909 1.000000 0.651957 -0.369585
-0.383838 0.135135 -0.090909 1.000000 0.651957 -0.792379
-0.702020 0.135135 -0.090909 -0.601010 1.000000 -0.846837
-0.383838 0.135135 -0.090909 -0.601010 1.000000 -1.000000
-0.702020 -1.000000 -0.818182 1.000000 -0.988312 0.685325
-0.858586 -1.000000 -0.818182 0.202020 -0.987554 0.339963
-0.212121 -1.000000 -0.818182 0.202020 -0.987554 0.423990
0.242424 -1.000000 -0.818182 0.202020 -0.987554 0.169782
-0.702020 -1.000000 -0.818182 -0.601010 -0.986520 0.731486
-0.858586 -0.621622 -0.818182 -0.601010 -0.961179 0.426171
-0.858586 -0.243243 -0.818182 1.000000 -0.831270 0.620230
-0.616162 -0.243243 -0.818182 0.202020 -0.825961 0.022788
-0.939394 -0.243243 -0.818182 -0.601010 -0.818617 0.332465
-0.818182 -0.243243 -0.818182 -0.601010 -0.818617 0.413833
-0.919192 -0.243243 -0.818182 -1.000000 -0.813584 0.389954
-0.979798 0.009009 -0.818182 -0.601010 -0.495018 0.451326
-0.702020 0.009009 -0.818182 -0.601010 -0.495018 -0.133672
-0.616162 0.009009 -0.818182 -0.601010 -0.495018 -0.354376
-0.515152 0.387387 -0.818182 0.202020 -0.076297 -0.269817
-0.994949 0.387387 -0.818182 -0.601010 -0.039545 0.037732
-0.988384 0.387387 -0.818182 -0.601010 -0.039545 0.122823
-0.616162 0.387387 -0.818182 -0.601010 -0.039545 -0.216476
-0.702020 0.387387 -0.818182 -1.000000 -0.014515 -0.220092
-0.988384 0.774775 -0.818182 -0.601010 0.244027 0.408461
-0.893939 0.774775 -0.818182 -0.601010 0.244027 -0.188768
-0.702020 0.774775 -0.818182 -0.601010 0.244027 -0.488180
-0.702020 -1.000000 -1.000000 1.000000 -1.000000 0.788337
-0.515152 -1.000000 -1.000000 1.000000 -1.000000 0.779296
-0.010101 -1.000000 -1.000000 1.000000 -1.000000 0.457548
-0.616162 -1.000000 -1.000000 0.202020 -0.999621 0.587098
-0.818182 -0.567568 -1.000000 1.000000 -0.984554 0.330497
-0.616162 -0.567568 -1.000000 1.000000 -0.984554 0.677773
-0.767677 -0.567568 -1.000000 0.202020 -0.983727 0.370170
-0.383838 -0.567568 -1.000000 0.202020 -0.983727 0.690324
-0.212121 -0.567568 -1.000000 0.202020 -0.983727 0.531842
-0.939394 -0.567568 -1.000000 -0.601010 -0.982555 -0.075385
-0.919192 -0.567568 -1.000000 -0.601010 -0.982555 0.041083
-0.893939 -0.567568 -1.000000 -1.000000 -0.981727 0.277847
-0.818182 -0.567568 -1.000000 -1.000000 -0.981727 0.423565
-0.702020 -0.567568 -1.000000 -1.000000 -0.981727 0.642673
-0.893939 -0.144144 -1.000000 1.000000 -0.868781 0.503763
-0.818182 -0.144144 -1.000000 -0.601010 -0.858748 0.483447
-0.979798 -0.144144 -1.000000 -1.000000 -0.854749 0.136810
-0.939394 -0.144144 -1.000000 -1.000000 -0.854749 0.455367
-0.616162 -0.144144 -1.000000 -1.000000 -0.854749 0.242109
-0.515152 -0.144144 -1.000000 -1.000000 -0.854749 0.119260
-0.969697 0.144144 -1.000000 1.000000 -0.593863 0.250725
-0.858586 0.144144 -1.000000 1.000000 -0.593863 0.656500
-0.818182 0.144144 -1.000000 -0.601010 -0.564765 0.392666
-0.702020 0.144144 -1.000000 -0.601010 -0.564765 0.301194
-0.515152 0.144144 -1.000000 -0.601010 -0.564765 0.155476
-0.383838 0.567568 -1.000000 1.000000 -0.458611 -0.120589
-0.956566 0.567568 -1.000000 0.202020 -0.442510 0.012099
-0.616162 0.567568 -1.000000 0.202020 -0.442510 -0.021937
-0.994949 0.567568 -1.000000 -0.601010 -0.420100 -0.397240
-0.988384 0.567568 -1.000000 -0.601010 -0.420100 -0.374372
-0.988384 1.000000 -1.000000 -0.601010 -0.224203 -0.078044
-0.956566 1.000000 -1.000000 -0.601010 -0.224203 0.789348
-0.383838 -1.000000 -0.454545 1.000000 -0.972074 0.383519
-0.956566 -1.000000 -0.454545 0.202020 -0.968316 0.212008
-0.515152 -1.000000 -0.454545 -0.601010 -0.963386 0.204084
-0.919192 -1.000000 -0.454545 -1.000000 -0.962076 0.485521
-0.010101 -0.702703 -0.454545 0.202020 -0.937597 -0.346983
-0.767677 -0.702703 -0.454545 -1.000000 -0.927150 0.436541
-0.956566 -0.396396 -0.454545 0.202020 -0.834063 0.576462
-0.939394 -0.396396 -0.454545 0.202020 -0.834063 0.732284
-0.969697 -0.396396 -0.454545 -0.601010 -0.814515 0.466482
-0.858586 -0.396396 -0.454545 -0.601010 -0.814515 0.276092
-0.818182 -0.198198 -0.454545 1.000000 -0.658404 0.108996
-0.515152 -0.198198 -0.454545 1.000000 -0.658404 -0.290398
-0.383838 -0.198198 -0.454545 1.000000 -0.658404 -0.262212
-0.956566 -0.198198 -0.454545 -0.601010 -0.584244 0.517803
-0.939394 -0.198198 -0.454545 -0.601010 -0.584244 0.465685
-0.702020 -0.198198 -0.454545 -0.601010 -0.584244 -0.150690
-0.919192 0.108108 -0.454545 1.000000 0.150767 0.305502
-0.994949 0.108108 -0.454545 0.202020 0.255715 0.590874
-0.988384 0.108108 -0.454545 0.202020 0.255715 0.717446
-0.956566 0.108108 -0.454545 -0.601010 0.393760 -0.046188
-0.858586 0.108108 -0.454545 -0.601010 0.393760 -0.229133
-0.515152 0.108108 -0.454545 -0.601010 0.393760 -0.721063
-0.956566 0.108108 -0.454545 -1.000000 0.429926 -0.154040
-0.939394 0.108108 -0.454545 -1.000000 0.429926 -0.114154
-0.818182 0.108108 -0.454545 -1.000000 0.429926 -0.624166
-0.702020 0.108108 -0.454545 -1.000000 0.429926 -0.631611
-0.767677 0.405405 -0.454545 -0.601010 0.808240 -0.633898
